iucn_sid,am_sid,rgn_id,spp_area,spp_pct_area,spatial_source
2474,ITS-Mam-180524,1,17534.393200000002,0.9999999999999999,iucn
2474,ITS-Mam-180524,2,45877.585100000004,0.9999999999999999,iucn
2474,ITS-Mam-180524,3,20214.6727,0.9972309927322217,iucn
2474,ITS-Mam-180524,4,13405.5046,0.9799842050475832,iucn
2474,ITS-Mam-180524,5,28129.1749,1,iucn
2474,ITS-Mam-180524,6,6369.1813,0.780711914472006,iucn
2474,ITS-Mam-180524,7,314618.9427,1,iucn
2474,ITS-Mam-180524,8,3187.6686000000004,1,iucn
2475,ITS-Mam-180526,1,17534.393200000002,0.9999999999999999,iucn
2475,ITS-Mam-180526,2,45877.585100000004,0.9999999999999999,iucn
2475,ITS-Mam-180526,3,20270.8027,1,iucn
2475,ITS-Mam-180526,4,13679.3068,1,iucn
2475,ITS-Mam-180526,5,28129.1749,1,iucn
2475,ITS-Mam-180526,6,8158.171,1,iucn
2475,ITS-Mam-180526,7,314618.9427,1,iucn
2475,ITS-Mam-180526,8,3187.6686000000004,1,iucn
2477,ITS-Mam-180528,1,17534.393200000002,0.9999999999999999,iucn
2477,ITS-Mam-180528,2,45877.585100000004,0.9999999999999999,iucn
2477,ITS-Mam-180528,3,20270.8027,1,iucn
2477,ITS-Mam-180528,4,13679.3068,1,iucn
2477,ITS-Mam-180528,5,28129.1749,1,iucn
2477,ITS-Mam-180528,6,8158.171,1,iucn
2477,ITS-Mam-180528,7,314618.9427,1,iucn
2477,ITS-Mam-180528,8,3187.6686000000004,1,iucn
2478,ITS-Mam-180527,1,17534.393200000002,0.9999999999999999,iucn
2478,ITS-Mam-180527,2,45877.585100000004,0.9999999999999999,iucn
2478,ITS-Mam-180527,3,20270.8027,1,iucn
2478,ITS-Mam-180527,4,13679.3068,1,iucn
2478,ITS-Mam-180527,5,28129.1749,1,iucn
2478,ITS-Mam-180527,6,8158.171,1,iucn
2478,ITS-Mam-180527,7,314618.9427,1,iucn
2478,ITS-Mam-180527,8,3187.6686000000004,1,iucn
2636,Fis-55409,1,75.69600000000001,0.004317001400424852,iucn
2636,Fis-55409,2,24098.3699,0.525275466166592,iucn
2636,Fis-55409,3,4114.2284,0.20296326992517172,iucn
2636,Fis-55409,4,3955.3523,0.28914859194473214,iucn
2636,Fis-55409,5,23522.051900000002,0.8362154945397989,iucn
2636,Fis-55409,7,199821.7983,0.6351232274355997,iucn
2636,Fis-55409,8,113.544,0.03561976298288975,iucn
2763,ITS-Mam-180496,1,17534.393200000002,0.9999999999999999,iucn
2763,ITS-Mam-180496,2,45877.585100000004,0.9999999999999999,iucn
2763,ITS-Mam-180496,3,20270.8027,1,iucn
2763,ITS-Mam-180496,4,13679.3068,1,iucn
2763,ITS-Mam-180496,5,28129.1749,1,iucn
2763,ITS-Mam-180496,6,8158.171,1,iucn
2763,ITS-Mam-180496,7,314618.9427,1,iucn
2763,ITS-Mam-180496,8,3187.6686000000004,1,iucn
3590,ITS-Mam-180627,1,17534.393200000002,0.9999999999999999,iucn
3590,ITS-Mam-180627,2,45877.585100000004,0.9999999999999999,iucn
3590,ITS-Mam-180627,3,20270.8027,1,iucn
3590,ITS-Mam-180627,4,13679.3068,1,iucn
3590,ITS-Mam-180627,5,28129.1749,1,iucn
3590,ITS-Mam-180627,6,8158.171,1,iucn
3590,ITS-Mam-180627,7,314618.9427,1,iucn
3590,ITS-Mam-180627,8,3187.6686000000004,1,iucn
3855,Fis-23071,1,17534.393200000002,0.9999999999999999,iucn
3855,Fis-23071,2,45877.585100000004,0.9999999999999999,iucn
3855,Fis-23071,3,20270.8027,1,iucn
3855,Fis-23071,4,13679.3068,1,iucn
3855,Fis-23071,5,28129.1749,1,iucn
3855,Fis-23071,6,8158.171,1,iucn
3855,Fis-23071,7,314618.9427,1,iucn
3855,Fis-23071,8,3187.6686000000004,1,iucn
3897,Rep-2666,1,17498.7148,0.9979652332651009,iucn
3897,Rep-2666,2,45877.585100000004,0.9999999999999999,iucn
3897,Rep-2666,3,20270.8027,1,iucn
3897,Rep-2666,4,13679.3068,1,iucn
3897,Rep-2666,5,27019.930500000002,0.9605660527212976,iucn
3897,Rep-2666,6,2432.4462,0.2981607274473653,iucn
3897,Rep-2666,7,314618.9427,1,iucn
3897,Rep-2666,8,3187.6686000000004,1,iucn
4292,Fis-22747,1,17534.393200000002,0.9999999999999999,iucn
4292,Fis-22747,2,45877.585100000004,0.9999999999999999,iucn
4292,Fis-22747,3,20270.8027,1,iucn
4292,Fis-22747,4,13679.3068,1,iucn
4292,Fis-22747,5,28129.1749,1,iucn
4292,Fis-22747,6,8158.171,1,iucn
4292,Fis-22747,7,314618.9427,1,iucn
4292,Fis-22747,8,3187.6686000000004,1,iucn
6336,ITS-Mam-180438,4,2884.0750000000003,0.21083487943994356,iucn
6336,ITS-Mam-180438,5,27155.502800000002,0.9653856857351333,iucn
6336,ITS-Mam-180438,6,8158.171,1,iucn
6336,ITS-Mam-180438,7,48250.8203,0.15336273107372564,iucn
46967817,Rep-4381,1,17498.7148,0.9979652332651009,iucn
46967817,Rep-4381,2,45877.585100000004,0.9999999999999999,iucn
46967817,Rep-4381,3,20270.8027,1,iucn
46967817,Rep-4381,4,13679.3068,1,iucn
46967817,Rep-4381,5,28068.6433,0.9978480847655435,iucn
46967817,Rep-4381,6,8158.171,1,iucn
46967817,Rep-4381,7,314618.9427,1,iucn
46967817,Rep-4381,8,3187.6686000000004,1,iucn
7750,ITS-Mam-180547,4,5050.5611,0.3692117717543991,iucn
7750,ITS-Mam-180547,5,17277.1393,0.6142071127724403,iucn
7750,ITS-Mam-180547,7,17552.1865,0.055788714911347896,iucn
8005,Rep-5181,3,1994.8446000000001,0.09840974871705499,iucn
8005,Rep-5181,4,11338.2351,0.82886035570165,iucn
8005,Rep-5181,5,28129.1749,1,iucn
8005,Rep-5181,6,8158.171,1,iucn
8005,Rep-5181,7,187573.2604,0.5961918846661994,iucn
8097,ITS-Mam-180521,1,17534.393200000002,0.9999999999999999,iucn
8097,ITS-Mam-180521,2,45877.585100000004,0.9999999999999999,iucn
8097,ITS-Mam-180521,3,20270.8027,1,iucn
8097,ITS-Mam-180521,4,13639.3626,0.9970799543731266,iucn
8097,ITS-Mam-180521,5,25881.2284,0.9200848760053747,iucn
8097,ITS-Mam-180521,6,8158.171,1,iucn
8097,ITS-Mam-180521,7,28846.7357,0.09168785405113498,iucn
8097,ITS-Mam-180521,8,3187.6686000000004,1,iucn
8239,ITS-Mam-180625,1,17534.393200000002,0.9999999999999999,iucn
8239,ITS-Mam-180625,2,45877.585100000004,0.9999999999999999,iucn
8239,ITS-Mam-180625,3,20270.8027,1,iucn
8239,ITS-Mam-180625,4,13679.3068,1,iucn
8239,ITS-Mam-180625,5,28129.1749,1,iucn
8239,ITS-Mam-180625,6,8158.171,1,iucn
8239,ITS-Mam-180625,7,103341.4474,0.3284654334959724,iucn
8239,ITS-Mam-180625,8,3187.6686000000004,1,iucn
9249,ITS-Mam-180466,1,17534.393200000002,0.9999999999999999,iucn
9249,ITS-Mam-180466,2,45877.585100000004,0.9999999999999999,iucn
9249,ITS-Mam-180466,3,20270.8027,1,iucn
9249,ITS-Mam-180466,4,13679.3068,1,iucn
9249,ITS-Mam-180466,5,28129.1749,1,iucn
9249,ITS-Mam-180466,6,8158.171,1,iucn
9249,ITS-Mam-180466,7,223147.3359,0.7092622395364753,iucn
9249,ITS-Mam-180466,8,3187.6686000000004,1,iucn
9461,ITS-Mam-180457,1,17534.393200000002,0.9999999999999999,iucn
9461,ITS-Mam-180457,2,45877.585100000004,0.9999999999999999,iucn
9461,ITS-Mam-180457,3,20270.8027,1,iucn
9461,ITS-Mam-180457,4,13679.3068,1,iucn
9461,ITS-Mam-180457,5,28129.1749,1,iucn
9461,ITS-Mam-180457,6,8158.171,1,iucn
9461,ITS-Mam-180457,7,314618.9427,1,iucn
9461,ITS-Mam-180457,8,3187.6686000000004,1,iucn
10030,Fis-23157,1,17534.393200000002,0.9999999999999999,iucn
10030,Fis-23157,2,45877.585100000004,0.9999999999999999,iucn
10030,Fis-23157,3,20270.8027,1,iucn
10030,Fis-23157,4,13679.3068,1,iucn
10030,Fis-23157,5,28129.1749,1,iucn
10030,Fis-23157,6,8158.171,1,iucn
10030,Fis-23157,7,94859.7515,0.3015068027561584,iucn
10030,Fis-23157,8,3187.6686000000004,1,iucn
11047,ITS-Mam-180491,5,20.7833,7.38852101915012e-4,iucn
11047,ITS-Mam-180491,7,33672.4076,0.10702600202972458,iucn
11145,ITS-Mam-180444,1,17534.393200000002,0.9999999999999999,iucn
11145,ITS-Mam-180444,2,45877.585100000004,0.9999999999999999,iucn
11145,ITS-Mam-180444,3,20270.8027,1,iucn
11145,ITS-Mam-180444,4,13679.3068,1,iucn
11145,ITS-Mam-180444,5,28129.1749,1,iucn
11145,ITS-Mam-180444,6,8158.171,1,iucn
11145,ITS-Mam-180444,7,314618.9427,1,iucn
11145,ITS-Mam-180444,8,3187.6686000000004,1,iucn
11534,Rep-6936,1,17534.393200000002,0.9999999999999999,iucn
11534,Rep-6936,2,45877.585100000004,0.9999999999999999,iucn
11534,Rep-6936,3,20270.8027,1,iucn
11534,Rep-6936,4,13679.3068,1,iucn
11534,Rep-6936,5,28129.1749,1,iucn
11534,Rep-6936,6,8158.171,1,iucn
11534,Rep-6936,7,270735.0212,0.8605172303886202,iucn
11534,Rep-6936,8,3187.6686000000004,1,iucn
12125,ITS-Mam-180454,4,239.6652,0.01752027376124059,iucn
12125,ITS-Mam-180454,5,26860.4427,0.9548962170234151,iucn
12125,ITS-Mam-180454,6,201.77200000000002,0.024732504381190346,iucn
12125,ITS-Mam-180454,7,109146.2576,0.3469157218040578,iucn
12302,NA,1,4257.0294,0.2427816777828388,iucn
12302,NA,2,18096.0476,0.39444202567671766,iucn
12302,NA,3,3189.3662000000004,0.15733793314460112,iucn
12302,NA,4,4826.8188,0.35285551165502044,iucn
12302,NA,5,1440.796,0.051220698976136694,iucn
12302,NA,6,6031.6411,0.7393374201153665,iucn
12302,NA,7,170.316,5.413405770751769e-4,iucn
12302,NA,8,18.494600000000002,0.005801920563511527,iucn
13006,ITS-Mam-180530,1,17534.393200000002,0.9999999999999999,iucn
13006,ITS-Mam-180530,2,45877.585100000004,0.9999999999999999,iucn
13006,ITS-Mam-180530,3,20270.8027,1,iucn
13006,ITS-Mam-180530,4,13679.3068,1,iucn
13006,ITS-Mam-180530,5,28129.1749,1,iucn
13006,ITS-Mam-180530,6,8158.171,1,iucn
13006,ITS-Mam-180530,7,314618.9427,1,iucn
13006,ITS-Mam-180530,8,3187.6686000000004,1,iucn
13243,ITS-Mam-180512,1,12489.5823,0.7122905342398731,iucn
13243,ITS-Mam-180512,2,33369.7174,0.7273642962519402,iucn
13243,ITS-Mam-180512,3,20270.8027,1,iucn
13243,ITS-Mam-180512,4,13679.3068,1,iucn
13243,ITS-Mam-180512,5,28129.1749,1,iucn
13243,ITS-Mam-180512,6,8158.171,1,iucn
13243,ITS-Mam-180512,7,244901.905,0.778408009696741,iucn
13243,ITS-Mam-180512,8,3187.6686000000004,1,iucn
13252,ITS-Mam-180514,1,17534.393200000002,0.9999999999999999,iucn
13252,ITS-Mam-180514,2,45877.585100000004,0.9999999999999999,iucn
13252,ITS-Mam-180514,3,20270.8027,1,iucn
13252,ITS-Mam-180514,4,13679.3068,1,iucn
13252,ITS-Mam-180514,5,28129.1749,1,iucn
13252,ITS-Mam-180514,6,8158.171,1,iucn
13252,ITS-Mam-180514,7,314618.9427,1,iucn
13252,ITS-Mam-180514,8,3187.6686000000004,1,iucn
13581,ITS-Mam-180672,1,17534.393200000002,0.9999999999999999,iucn
13581,ITS-Mam-180672,2,45877.585100000004,0.9999999999999999,iucn
13581,ITS-Mam-180672,3,20270.8027,1,iucn
13581,ITS-Mam-180672,4,13679.3068,1,iucn
13581,ITS-Mam-180672,5,28129.1749,1,iucn
13581,ITS-Mam-180672,6,8158.171,1,iucn
13581,ITS-Mam-180672,7,314618.9427,1,iucn
13581,ITS-Mam-180672,8,3187.6686000000004,1,iucn
15421,ITS-Mam-180469,1,17534.393200000002,0.9999999999999999,iucn
15421,ITS-Mam-180469,2,45877.585100000004,0.9999999999999999,iucn
15421,ITS-Mam-180469,3,20270.8027,1,iucn
15421,ITS-Mam-180469,4,13679.3068,1,iucn
15421,ITS-Mam-180469,5,28129.1749,1,iucn
15421,ITS-Mam-180469,6,8158.171,1,iucn
15421,ITS-Mam-180469,7,314618.9427,1,iucn
15421,ITS-Mam-180469,8,3187.6686000000004,1,iucn
17013,ITS-Mam-180649,1,17534.393200000002,0.9999999999999999,iucn
17013,ITS-Mam-180649,2,45398.0269,0.9895470042951323,iucn
17013,ITS-Mam-180649,3,20270.8027,1,iucn
17013,ITS-Mam-180649,4,13679.3068,1,iucn
17013,ITS-Mam-180649,5,27904.986100000002,0.9920300257367307,iucn
17013,ITS-Mam-180649,6,8158.171,1,iucn
17013,ITS-Mam-180649,7,31842.6652,0.10121026066241369,iucn
17013,ITS-Mam-180649,8,3187.6686000000004,1,iucn
17027,ITS-Mam-180473,1,17534.393200000002,0.9999999999999999,iucn
17027,ITS-Mam-180473,2,33976.8048,0.7405970633794323,iucn
17027,ITS-Mam-180473,3,19742.7556,0.9739503606337208,iucn
17027,ITS-Mam-180473,4,12115.3598,0.8856705955304693,iucn
17027,ITS-Mam-180473,5,17413.4687,0.6190536609020836,iucn
17027,ITS-Mam-180473,6,8158.171,1,iucn
17027,ITS-Mam-180473,7,1601.9035000000001,0.005091567234486164,iucn
17027,ITS-Mam-180473,8,3187.6686000000004,1,iucn
17032,ITS-Mam-180480,1,17534.393200000002,0.9999999999999999,iucn
17032,ITS-Mam-180480,2,45877.585100000004,0.9999999999999999,iucn
17032,ITS-Mam-180480,3,20270.8027,1,iucn
17032,ITS-Mam-180480,4,13679.3068,1,iucn
17032,ITS-Mam-180480,5,28129.1749,1,iucn
17032,ITS-Mam-180480,6,8158.171,1,iucn
17032,ITS-Mam-180480,7,314618.9427,1,iucn
17032,ITS-Mam-180480,8,3187.6686000000004,1,iucn
18596,ITS-Mam-180463,1,17534.393200000002,0.9999999999999999,iucn
18596,ITS-Mam-180463,2,45877.585100000004,0.9999999999999999,iucn
18596,ITS-Mam-180463,3,20270.8027,1,iucn
18596,ITS-Mam-180463,4,13679.3068,1,iucn
18596,ITS-Mam-180463,5,28129.1749,1,iucn
18596,ITS-Mam-180463,6,8158.171,1,iucn
18596,ITS-Mam-180463,7,312909.5107,0.9945666590023793,iucn
18596,ITS-Mam-180463,8,3187.6686000000004,1,iucn
20731,ITS-Mam-180434,5,19313.831700000002,0.6866120946903423,iucn
20731,ITS-Mam-180434,6,4650.936000000001,0.5700954294780043,iucn
20731,ITS-Mam-180434,7,20333.5011,0.06462897918828966,iucn
21856,Fis-22832,1,17534.393200000002,0.9999999999999999,iucn
21856,Fis-22832,2,45877.585100000004,0.9999999999999999,iucn
21856,Fis-22832,3,20214.6727,0.9972309927322217,iucn
21856,Fis-22832,4,13347.4615,0.9757410733707647,iucn
21856,Fis-22832,5,28129.1749,1,iucn
21856,Fis-22832,6,4916.4229000000005,0.6026378829274356,iucn
21856,Fis-22832,7,295026.3181,0.9377258583610388,iucn
21856,Fis-22832,8,3187.6686000000004,1,iucn
21859,Fis-22836,5,20.7833,7.38852101915012e-4,iucn
21859,Fis-22836,7,16920.5795,0.05378118480340313,iucn
23211,ITS-Mam-180498,1,17534.393200000002,0.9999999999999999,iucn
23211,ITS-Mam-180498,2,45877.585100000004,0.9999999999999999,iucn
23211,ITS-Mam-180498,3,20270.8027,1,iucn
23211,ITS-Mam-180498,4,13679.3068,1,iucn
23211,ITS-Mam-180498,5,28129.1749,1,iucn
23211,ITS-Mam-180498,6,8158.171,1,iucn
23211,ITS-Mam-180498,7,314618.9427,1,iucn
23211,ITS-Mam-180498,8,3187.6686000000004,1,iucn
39324,Fis-24153,1,17534.393200000002,0.9999999999999999,iucn
39324,Fis-24153,2,45371.9191,0.9889779290061192,iucn
39324,Fis-24153,3,20270.8027,1,iucn
39324,Fis-24153,4,13679.3068,1,iucn
39324,Fis-24153,5,28129.1749,1,iucn
39324,Fis-24153,6,8158.171,1,iucn
39324,Fis-24153,7,69504.0087,0.2209148886698614,iucn
39324,Fis-24153,8,3187.6686000000004,1,iucn
39328,Fis-29541,1,17534.393200000002,0.9999999999999999,iucn
39328,Fis-29541,2,45877.585100000004,0.9999999999999999,iucn
39328,Fis-29541,3,20270.8027,1,iucn
39328,Fis-29541,4,13679.3068,1,iucn
39328,Fis-29541,5,28129.1749,1,iucn
39328,Fis-29541,6,8158.171,1,iucn
39328,Fis-29541,7,69883.2582,0.2221203135458887,iucn
39328,Fis-29541,8,3187.6686000000004,1,iucn
39339,Fis-23899,1,17464.806800000002,0.9960314338108945,iucn
39339,Fis-23899,2,43500.5387,0.948187194360411,iucn
39339,Fis-23899,3,20270.8027,1,iucn
39339,Fis-23899,4,13679.3068,1,iucn
39339,Fis-23899,5,28129.1749,1,iucn
39339,Fis-23899,6,8158.171,1,iucn
39339,Fis-23899,7,295495.1791,0.939216108744491,iucn
39339,Fis-23899,8,3187.6686000000004,1,iucn
39341,Fis-58485,5,19538.020500000002,0.6945820689536115,iucn
39341,Fis-58485,6,7325.7505,0.8979648134367373,iucn
39341,Fis-58485,7,39639.5645,0.12599230090795166,iucn
39342,Fis-29426,1,17534.393200000002,0.9999999999999999,iucn
39342,Fis-29426,2,45877.585100000004,0.9999999999999999,iucn
39342,Fis-29426,3,20270.8027,1,iucn
39342,Fis-29426,4,13679.3068,1,iucn
39342,Fis-29426,5,28129.1749,1,iucn
39342,Fis-29426,6,8158.171,1,iucn
39342,Fis-29426,7,314618.9427,1,iucn
39342,Fis-29426,8,3187.6686000000004,1,iucn
39352,Fis-25233,1,17464.806800000002,0.9960314338108945,iucn
39352,Fis-25233,2,35472.0104,0.773188264436351,iucn
39352,Fis-25233,3,20270.8027,1,iucn
39352,Fis-25233,4,13679.3068,1,iucn
39352,Fis-25233,5,28129.1749,1,iucn
39352,Fis-25233,6,8158.171,1,iucn
39352,Fis-25233,7,54965.5365,0.17470510843465498,iucn
39352,Fis-25233,8,3187.6686000000004,1,iucn
39381,Fis-23222,1,17534.393200000002,0.9999999999999999,iucn
39381,Fis-23222,2,45877.585100000004,0.9999999999999999,iucn
39381,Fis-23222,3,20270.8027,1,iucn
39381,Fis-23222,4,13679.3068,1,iucn
39381,Fis-23222,5,28129.1749,1,iucn
39381,Fis-23222,6,8158.171,1,iucn
39381,Fis-23222,7,314618.9427,1,iucn
39381,Fis-23222,8,3187.6686000000004,1,iucn
39396,Fis-30722,1,17130.0477,0.9769398635363098,iucn
39396,Fis-30722,2,45877.585100000004,0.9999999999999999,iucn
39396,Fis-30722,3,20270.8027,1,iucn
39396,Fis-30722,4,13679.3068,1,iucn
39396,Fis-30722,5,27884.202800000003,0.9912911736348157,iucn
39396,Fis-30722,6,8158.171,1,iucn
39396,Fis-30722,7,46562.6771,0.14799705542332559,iucn
39396,Fis-30722,8,3187.6686000000004,1,iucn
41666,ITS-Mam-180621,1,17534.393200000002,0.9999999999999999,iucn
41666,ITS-Mam-180621,2,45877.585100000004,0.9999999999999999,iucn
41666,ITS-Mam-180621,3,20270.8027,1,iucn
41666,ITS-Mam-180621,4,13679.3068,1,iucn
41666,ITS-Mam-180621,5,28129.1749,1,iucn
41666,ITS-Mam-180621,6,8158.171,1,iucn
41666,ITS-Mam-180621,7,54213.3129,0.17231420471619302,iucn
41666,ITS-Mam-180621,8,3187.6686000000004,1,iucn
41755,ITS-Mam-180488,1,17534.393200000002,0.9999999999999999,iucn
41755,ITS-Mam-180488,2,45877.585100000004,0.9999999999999999,iucn
41755,ITS-Mam-180488,3,20270.8027,1,iucn
41755,ITS-Mam-180488,4,13679.3068,1,iucn
41755,ITS-Mam-180488,5,28129.1749,1,iucn
41755,ITS-Mam-180488,6,8158.171,1,iucn
41755,ITS-Mam-180488,7,314618.9427,1,iucn
41755,ITS-Mam-180488,8,3187.6686000000004,1,iucn
44183,Fis-30562,1,17534.393200000002,0.9999999999999999,iucn
44183,Fis-30562,2,45877.585100000004,0.9999999999999999,iucn
44183,Fis-30562,3,20270.8027,1,iucn
44183,Fis-30562,4,13679.3068,1,iucn
44183,Fis-30562,5,27884.202800000003,0.9912911736348157,iucn
44183,Fis-30562,6,8158.171,1,iucn
44183,Fis-30562,7,46562.6771,0.14799705542332559,iucn
44183,Fis-30562,8,3187.6686000000004,1,iucn
44209,Fis-22998,1,10789.8312,0.6153524149327276,iucn
44209,Fis-22998,2,39235.058,0.8552119278832747,iucn
44209,Fis-22998,3,13491.0079,0.665538908333413,iucn
44209,Fis-22998,4,8733.8956,0.6384750139531924,iucn
44209,Fis-22998,5,19984.5729,0.7104571311119403,iucn
44209,Fis-22998,7,63576.0509,0.20207318209896202,iucn
44209,Fis-22998,8,2514.324,0.7887658083403024,iucn
60191,Fis-24068,1,17534.393200000002,0.9999999999999999,iucn
60191,Fis-24068,2,45877.585100000004,0.9999999999999999,iucn
60191,Fis-24068,3,20270.8027,1,iucn
60191,Fis-24068,4,13679.3068,1,iucn
60191,Fis-24068,5,27884.202800000003,0.9912911736348157,iucn
60191,Fis-24068,6,8158.171,1,iucn
60191,Fis-24068,7,46562.6771,0.14799705542332559,iucn
60191,Fis-24068,8,3187.6686000000004,1,iucn
60231,Fis-23213,5,493.98720000000003,0.01756138250610401,iucn
63119,Fis-131852,1,17534.393200000002,0.9999999999999999,iucn
63119,Fis-131852,2,45877.585100000004,0.9999999999999999,iucn
63119,Fis-131852,3,20270.8027,1,iucn
63119,Fis-131852,4,13679.3068,1,iucn
63119,Fis-131852,5,28129.1749,1,iucn
63119,Fis-131852,6,8158.171,1,iucn
63119,Fis-131852,7,288324.4177,0.9164242153560578,iucn
63119,Fis-131852,8,3187.6686000000004,1,iucn
153538,NA,1,17534.393200000002,0.9999999999999999,iucn
153538,NA,2,45877.585100000004,0.9999999999999999,iucn
153538,NA,3,20270.8027,1,iucn
153538,NA,4,13679.3068,1,iucn
153538,NA,5,28129.1749,1,iucn
153538,NA,6,8158.171,1,iucn
153538,NA,7,70461.1622,0.2239571514522161,iucn
153538,NA,8,3187.6686000000004,1,iucn
161350,Fis-131458,2,12583.5274,0.27428486858171613,iucn
161350,Fis-131458,7,14379.0777,0.04570315307972713,iucn
161375,Fis-24315,1,17534.393200000002,0.9999999999999999,iucn
161375,Fis-24315,2,45877.585100000004,0.9999999999999999,iucn
161375,Fis-24315,3,20270.8027,1,iucn
161375,Fis-24315,4,13679.3068,1,iucn
161375,Fis-24315,5,28129.1749,1,iucn
161375,Fis-24315,6,8158.171,1,iucn
161375,Fis-24315,7,94810.1002,0.30134898867295695,iucn
161375,Fis-24315,8,3187.6686000000004,1,iucn
161402,NA,2,19619.524,0.4276494492296195,iucn
161402,NA,7,22194.9912,0.07054562897429761,iucn
161403,Fis-30664,1,17534.393200000002,0.9999999999999999,iucn
161403,Fis-30664,2,45877.585100000004,0.9999999999999999,iucn
161403,Fis-30664,3,20270.8027,1,iucn
161403,Fis-30664,4,13679.3068,1,iucn
161403,Fis-30664,5,28129.1749,1,iucn
161403,Fis-30664,6,8158.171,1,iucn
161403,Fis-30664,7,94810.1002,0.30134898867295695,iucn
161403,Fis-30664,8,3187.6686000000004,1,iucn
161452,Fis-131850,1,17534.393200000002,0.9999999999999999,iucn
161452,Fis-131850,2,45877.585100000004,0.9999999999999999,iucn
161452,Fis-131850,3,20270.8027,1,iucn
161452,Fis-131850,4,13679.3068,1,iucn
161452,Fis-131850,5,28129.1749,1,iucn
161452,Fis-131850,6,8158.171,1,iucn
161452,Fis-131850,7,94810.1002,0.30134898867295695,iucn
161452,Fis-131850,8,3187.6686000000004,1,iucn
161466,Fis-30566,5,4712.026000000001,0.1675138363194578,iucn
161471,Fis-24311,2,21349.8691,0.46536601814292095,iucn
161471,Fis-24311,7,31838.233200000002,0.1011961737801619,iucn
161595,Fis-24312,1,12426.3968,0.7086870163262906,iucn
161595,Fis-24312,2,45877.585100000004,0.9999999999999999,iucn
161595,Fis-24312,3,16763.3665,0.8269710256713219,iucn
161595,Fis-24312,4,8127.619299999999,0.5941543251299839,iucn
161595,Fis-24312,5,24555.5937,0.8729581933098223,iucn
161595,Fis-24312,7,73289.4309,0.23294665690197808,iucn
161595,Fis-24312,8,3113.0440000000003,0.9765895990568154,iucn
161629,Fis-24314,5,9836.284800000001,0.34968266346127347,iucn
161629,Fis-24314,6,201.77200000000002,0.024732504381190346,iucn
161629,Fis-24314,7,41.165600000000005,1.3084272563732065e-4,iucn
161661,Fis-24308,1,6952.4381,0.39650291975886565,iucn
161661,Fis-24308,2,36125.7814,0.787438600380908,iucn
161661,Fis-24308,3,10894.0404,0.5374252101028046,iucn
161661,Fis-24308,4,7276.3205,0.5319217272033111,iucn
161661,Fis-24308,5,19372.5429,0.6886992941979254,iucn
161661,Fis-24308,7,94810.1002,0.30134898867295695,iucn
161661,Fis-24308,8,2419.704,0.7590826725212276,iucn
161706,Fis-24310,1,12426.3968,0.7086870163262906,iucn
161706,Fis-24310,2,45877.585100000004,0.9999999999999999,iucn
161706,Fis-24310,3,16235.3194,0.8009213863050426,iucn
161706,Fis-24310,4,8127.619299999999,0.5941543251299839,iucn
161706,Fis-24310,5,24534.810400000002,0.8722193412079072,iucn
161706,Fis-24310,7,46927.4754,0.14915654790928137,iucn
161706,Fis-24310,8,3113.0440000000003,0.9765895990568154,iucn
170306,Fis-29507,1,17534.393200000002,0.9999999999999999,iucn
170306,Fis-29507,2,45877.585100000004,0.9999999999999999,iucn
170306,Fis-29507,3,20270.8027,1,iucn
170306,Fis-29507,4,13679.3068,1,iucn
170306,Fis-29507,5,28129.1749,1,iucn
170306,Fis-29507,6,8158.171,1,iucn
170306,Fis-29507,7,152236.4235,0.48387558038793194,iucn
170306,Fis-29507,8,3187.6686000000004,1,iucn
170310,Fis-22777,1,4531.8067,0.25845243963161496,iucn
170310,Fis-22777,2,2145.3786999999998,0.04676311308286363,iucn
170310,Fis-22777,3,20212.7596,0.9971366156111815,iucn
170310,Fis-22777,4,13679.3068,1,iucn
170310,Fis-22777,5,28129.1749,1,iucn
170310,Fis-22777,6,8158.171,1,iucn
170310,Fis-22777,7,72695.2606,0.2310581174043212,iucn
170310,Fis-22777,8,3074.1246,0.9643802370171103,iucn
170341,Fis-123736,5,244.97209999999998,0.008708826365184283,iucn
170341,Fis-123736,7,252101.8206,0.8012925681985644,iucn
170352,Fis-21631,1,17534.393200000002,0.9999999999999999,iucn
170352,Fis-21631,2,45877.585100000004,0.9999999999999999,iucn
170352,Fis-21631,3,20270.8027,1,iucn
170352,Fis-21631,4,13679.3068,1,iucn
170352,Fis-21631,5,28129.1749,1,iucn
170352,Fis-21631,6,8158.171,1,iucn
170352,Fis-21631,7,155359.1239,0.4938009217332482,iucn
170352,Fis-21631,8,3187.6686000000004,1,iucn
173320,NA,3,4274.1525,0.2108526516317975,iucn
173320,NA,4,11453.5474,0.8372900445510879,iucn
173320,NA,5,28129.1749,1,iucn
173320,NA,6,8158.171,1,iucn
173320,NA,7,17159.8437,0.054541673660007506,iucn
173348,NA,5,4236.8004,0.15061943391734536,iucn
173348,NA,6,7325.7505,0.8979648134367373,iucn
173366,NA,1,17534.393200000002,0.9999999999999999,iucn
173366,NA,2,45877.585100000004,0.9999999999999999,iucn
173366,NA,3,20270.8027,1,iucn
173366,NA,4,13679.3068,1,iucn
173366,NA,5,28129.1749,1,iucn
173366,NA,6,8158.171,1,iucn
173366,NA,7,70461.1622,0.2239571514522161,iucn
173366,NA,8,3187.6686000000004,1,iucn
173367,NA,1,17534.393200000002,0.9999999999999999,iucn
173367,NA,2,45877.585100000004,0.9999999999999999,iucn
173367,NA,3,20270.8027,1,iucn
173367,NA,4,13679.3068,1,iucn
173367,NA,5,28129.1749,1,iucn
173367,NA,6,8158.171,1,iucn
173367,NA,7,70461.1622,0.2239571514522161,iucn
173367,NA,8,3187.6686000000004,1,iucn
173373,NA,5,2113.3624,0.07513062176594451,iucn
173373,NA,6,3763.1392,0.4612724102007668,iucn
180325,NA,1,15443.9035,0.8807777562556313,iucn
180325,NA,2,45877.585100000004,0.9999999999999999,iucn
180325,NA,3,2404.5104,0.11861939734631229,iucn
180325,NA,7,109870.6272,0.3492180930274291,iucn
180325,NA,8,1587.0480000000002,0.4978710773133694,iucn
180331,NA,1,17534.393200000002,0.9999999999999999,iucn
180331,NA,2,45877.585100000004,0.9999999999999999,iucn
180331,NA,3,20270.8027,1,iucn
180331,NA,4,13679.3068,1,iucn
180331,NA,5,7832.2146,0.2784374098367172,iucn
180331,NA,6,118.5924,0.014536640626924833,iucn
180331,NA,7,44428.1259,0.14121249508604364,iucn
180331,NA,8,3187.6686000000004,1,iucn
180381,W-Hol-152565,1,17534.393200000002,0.9999999999999999,iucn
180381,W-Hol-152565,2,45877.585100000004,0.9999999999999999,iucn
180381,W-Hol-152565,3,20270.8027,1,iucn
180381,W-Hol-152565,4,13679.3068,1,iucn
180381,W-Hol-152565,5,28129.1749,1,iucn
180381,W-Hol-152565,6,8158.171,1,iucn
180381,W-Hol-152565,7,314618.9427,1,iucn
180381,W-Hol-152565,8,3187.6686000000004,1,iucn
180436,W-Hol-529363,1,17534.393200000002,0.9999999999999999,iucn
180436,W-Hol-529363,2,45877.585100000004,0.9999999999999999,iucn
180436,W-Hol-529363,3,20270.8027,1,iucn
180436,W-Hol-529363,4,13679.3068,1,iucn
180436,W-Hol-529363,5,28129.1749,1,iucn
180436,W-Hol-529363,6,8158.171,1,iucn
180436,W-Hol-529363,7,70461.1622,0.2239571514522161,iucn
180436,W-Hol-529363,8,3187.6686000000004,1,iucn
180446,NA,2,599.7787,0.013073458393519494,iucn
180446,NA,3,18565.789800000002,0.9158882395910252,iucn
180446,NA,4,13679.3068,1,iucn
180446,NA,5,28129.1749,1,iucn
180446,NA,6,8158.171,1,iucn
180446,NA,7,25085.421,0.07973271025807181,iucn
180446,NA,8,927.2760000000001,0.290894731026933,iucn
195488,Fis-164793,1,17534.393200000002,0.9999999999999999,iucn
195488,Fis-164793,2,45877.585100000004,0.9999999999999999,iucn
195488,Fis-164793,3,20270.8027,1,iucn
195488,Fis-164793,4,13679.3068,1,iucn
195488,Fis-164793,5,27884.202800000003,0.9912911736348157,iucn
195488,Fis-164793,6,8158.171,1,iucn
195488,Fis-164793,7,48412.1371,0.1538754681601058,iucn
195488,Fis-164793,8,3187.6686000000004,1,iucn
19711843,NA,1,7768.1585000000005,0.4430240848026608,iucn
19711843,NA,2,7513.2739,0.16376785926336823,iucn
19711843,NA,3,20270.8027,1,iucn
19711843,NA,4,13679.3068,1,iucn
19711843,NA,5,28129.1749,1,iucn
19711843,NA,6,8158.171,1,iucn
19711843,NA,7,37991.1987,0.12075305566145111,iucn
19711843,NA,8,3187.6686000000004,1,iucn
19717509,NA,2,22129.0294,0.482349481816993,iucn
19717509,NA,3,9588.2844,0.473009606077415,iucn
19717509,NA,4,5726.7155999999995,0.41864077498429964,iucn
19717509,NA,5,15183.0283,0.5397608836368677,iucn
19717509,NA,7,309615.6203,0.9840971991162947,iucn
19718050,NA,2,20521.7339,0.44731504187215815,iucn
19718050,NA,3,9588.2844,0.473009606077415,iucn
19718050,NA,4,5726.7155999999995,0.41864077498429964,iucn
19718050,NA,5,15183.0283,0.5397608836368677,iucn
19718050,NA,7,309615.6203,0.9840971991162947,iucn
19743170,NA,1,17534.393200000002,0.9999999999999999,iucn
19743170,NA,2,45877.585100000004,0.9999999999999999,iucn
19743170,NA,3,20270.8027,1,iucn
19743170,NA,4,12773.428,0.9337774338097308,iucn
19743170,NA,5,12139.4764,0.43156176614337877,iucn
19743170,NA,7,86614.0671,0.2752983223346138,iucn
19743170,NA,8,3187.6686000000004,1,iucn
22679859,NA,1,12437.927,0.7093445925462649,iucn
22679859,NA,2,21905.1405,0.4774693448282656,iucn
22679859,NA,3,7502.2169,0.3700996458319828,iucn
22679859,NA,4,11473.7417,0.8387663108776827,iucn
22679859,NA,5,12904.1636,0.45874660902335956,iucn
22679859,NA,6,8158.171,1,iucn
22679859,NA,7,1606.4024,0.0051058667549199665,iucn
22679859,NA,8,992.4846,0.31135124899746475,iucn
22679881,NA,5,3804.5616,0.13525322422450436,iucn
22679881,NA,6,4650.936000000001,0.5700954294780043,iucn
22679896,NA,1,12437.927,0.7093445925462649,iucn
22679896,NA,2,1391.5122000000001,0.03033098182842235,iucn
22679896,NA,3,7463.1023000000005,0.3681700429159621,iucn
22679896,NA,4,5678.1176000000005,0.4150881095816931,iucn
22679896,NA,5,1048.7128,0.03728203204424599,iucn
22679896,NA,6,7736.7059,0.9483382856279918,iucn
22679896,NA,8,992.4846,0.31135124899746475,iucn
22679946,NA,1,11948.6136,0.6814386710570628,iucn
22679946,NA,2,1391.5122000000001,0.03033098182842235,iucn
22679946,NA,3,6896.453700000001,0.34021611290212994,iucn
22679946,NA,4,3773.1562,0.27582948866970364,iucn
22679946,NA,5,1583.0544,0.0562780247066543,iucn
22679946,NA,6,7407.0858,0.9079346093628093,iucn
22679946,NA,8,992.4846,0.31135124899746475,iucn
22680157,NA,3,2759.6824,0.13614075578763343,iucn
22680157,NA,4,4826.8188,0.35285551165502044,iucn
22680157,NA,5,1440.796,0.051220698976136694,iucn
22680157,NA,6,6031.6411,0.7393374201153665,iucn
22680163,NA,1,12437.927,0.7093445925462649,iucn
22680163,NA,2,23046.8941,0.50235630427722755,iucn
22680163,NA,3,7502.2169,0.3700996458319828,iucn
22680163,NA,4,11747.5439,0.8587821058300995,iucn
22680163,NA,5,12965.912,0.4609417818366226,iucn
22680163,NA,6,8158.171,1,iucn
22680163,NA,7,1606.4024,0.0051058667549199665,iucn
22680163,NA,8,992.4846,0.31135124899746475,iucn
22680229,NA,1,35.0155,0.0019969610354123916,iucn
22680229,NA,3,56.129999999999995,0.0027690072677783004,iucn
22680229,NA,5,616.474,0.02191582235140498,iucn
22680229,NA,6,7174.6591,0.8794445593258587,iucn
22680247,NA,1,11974.089600000001,0.682891587032507,iucn
22680247,NA,3,7463.1023000000005,0.3681700429159621,iucn
22680247,NA,4,5678.1176000000005,0.4150881095816931,iucn
22680247,NA,5,1542.7,0.05484341455035,iucn
22680247,NA,6,7451.3747,0.91336338745535,iucn
22680247,NA,8,992.4846,0.31135124899746475,iucn
22680301,NA,1,12437.927,0.7093445925462649,iucn
22680301,NA,2,23046.8941,0.50235630427722755,iucn
22680301,NA,3,7502.2169,0.3700996458319828,iucn
22680301,NA,4,11747.5439,0.8587821058300995,iucn
22680301,NA,5,12843.6272,0.4565945231475666,iucn
22680301,NA,6,4055.5061,0.4971097198134239,iucn
22680301,NA,7,1606.4024,0.0051058667549199665,iucn
22680301,NA,8,992.4846,0.31135124899746475,iucn
22680364,NA,5,6367.0452000000005,0.22635022970403587,iucn
22680364,NA,6,7800.1201,0.9561113759444365,iucn
22680367,NA,4,1494.2581,0.10923492848336439,iucn
22680367,NA,5,1440.796,0.051220698976136694,iucn
22680367,NA,6,6031.6411,0.7393374201153665,iucn
22680391,NA,6,285.3312,0.034974898172641884,iucn
22680398,NA,1,17534.393200000002,0.9999999999999999,iucn
22680398,NA,2,43040.580500000004,0.9381614225374735,iucn
22680398,NA,3,16922.0383,0.8347986288673216,iucn
22680398,NA,4,13420.0843,0.9810500265993011,iucn
22680398,NA,5,18545.5227,0.6592984958119052,iucn
22680398,NA,6,8158.171,1,iucn
22680398,NA,7,5772.3811000000005,0.01834721409481108,iucn
22680398,NA,8,3187.6686000000004,1,iucn
22680402,NA,5,7819.8036,0.2779961953309907,iucn
22680402,NA,6,7565.209,0.9273167968653758,iucn
22680423,ITS-175149,1,17534.393200000002,0.9999999999999999,iucn
22680423,ITS-175149,2,45877.585100000004,0.9999999999999999,iucn
22680423,ITS-175149,3,20270.8027,1,iucn
22680423,ITS-175149,4,13679.3068,1,iucn
22680423,ITS-175149,5,28129.1749,1,iucn
22680423,ITS-175149,6,8158.171,1,iucn
22680423,ITS-175149,7,95131.3092,0.30236993482846636,iucn
22680423,ITS-175149,8,3187.6686000000004,1,iucn
22680427,ITS-175147,1,15029.089100000001,0.8571205703314557,iucn
22680427,ITS-175147,2,37788.2866,0.8236764537111609,iucn
22680427,ITS-175147,3,13572.1218,0.6695404222941798,iucn
22680427,ITS-175147,4,348.2586,0.025458790060911566,iucn
22680427,ITS-175147,7,11166.1568,0.03549105055205565,iucn
22680427,ITS-175147,8,3169.1740000000004,0.9941980794364884,iucn
22680441,ITS-175170,1,17159.768,0.9786348352220138,iucn
22680441,ITS-175170,2,11311.200200000001,0.24655177850675492,iucn
22680441,ITS-175170,3,14221.804300000002,0.7015905837808781,iucn
22680441,ITS-175170,4,12095.8025,0.8842408958910111,iucn
22680441,ITS-175170,5,22601.3227,0.8034833151113864,iucn
22680441,ITS-175170,6,8158.171,1,iucn
22680441,ITS-175170,7,59.08670000000001,1.8780401298449853e-4,iucn
22680441,ITS-175170,8,3074.1246,0.9643802370171103,iucn
22680455,ITS-175141,1,334.3105,0.019065986269772937,iucn
22680455,ITS-175141,3,244.728,0.012072930885958453,iucn
22680455,ITS-175141,4,331.8453,0.024258926629235338,iucn
22680455,ITS-175141,6,138.3578,0.01695941406474564,iucn
22680459,ITS-175144,1,17534.393200000002,0.9999999999999999,iucn
22680459,ITS-175144,2,44892.3609,0.9785249333012517,iucn
22680459,ITS-175144,3,20270.8027,1,iucn
22680459,ITS-175144,4,13679.3068,1,iucn
22680459,ITS-175144,5,28129.1749,1,iucn
22680459,ITS-175144,6,8158.171,1,iucn
22680459,ITS-175144,7,48086.255600000004,0.15283967070556173,iucn
22680459,ITS-175144,8,3187.6686000000004,1,iucn
22680462,ITS-175145,1,16825.4575,0.9595688489522408,iucn
22680462,ITS-175145,2,22642.1821,0.4935347414352025,iucn
22680462,ITS-175145,3,14033.206300000002,0.692286660162698,iucn
22680462,ITS-175145,4,13619.8053,0.9956502547336682,iucn
22680462,ITS-175145,5,24028.776400000002,0.8542296916074847,iucn
22680462,ITS-175145,6,8158.171,1,iucn
22680462,ITS-175145,7,3269.4162,0.010391669910090254,iucn
22680462,ITS-175145,8,3074.1246,0.9643802370171103,iucn
22680472,NA,1,12437.927,0.7093445925462649,iucn
22680472,NA,2,13964.723100000001,0.30439098024799915,iucn
22680472,NA,3,7463.1023000000005,0.3681700429159621,iucn
22680472,NA,4,5678.1176000000005,0.4150881095816931,iucn
22680472,NA,5,6367.0452000000005,0.22635022970403587,iucn
22680472,NA,6,8158.171,1,iucn
22680472,NA,8,992.4846,0.31135124899746475,iucn
22680485,ITS-175187,1,17534.393200000002,0.9999999999999999,iucn
22680485,ITS-175187,2,45323.1869,0.987915706574538,iucn
22680485,ITS-175187,3,20270.8027,1,iucn
22680485,ITS-175187,4,13560.714399999999,0.9913305256082128,iucn
22680485,ITS-175187,5,27601.926900000002,0.9812561867927381,iucn
22680485,ITS-175187,6,6031.6411,0.7393374201153665,iucn
22680485,ITS-175187,7,24242.7952,0.0770544678332237,iucn
22680485,ITS-175187,8,3187.6686000000004,1,iucn
22680492,NA,1,12437.927,0.7093445925462649,iucn
22680492,NA,2,23046.8941,0.50235630427722755,iucn
22680492,NA,3,7502.2169,0.3700996458319828,iucn
22680492,NA,4,11747.5439,0.8587821058300995,iucn
22680492,NA,5,12965.912,0.4609417818366226,iucn
22680492,NA,6,8158.171,1,iucn
22680492,NA,7,1606.4024,0.0051058667549199665,iucn
22680492,NA,8,992.4846,0.31135124899746475,iucn
22689714,NA,1,5107.996400000001,0.29131298367370934,iucn
22689714,NA,3,2623.772,0.1294360188311635,iucn
22689714,NA,4,10044.9463,0.734316909976754,iucn
22689714,NA,5,12965.912,0.4609417818366226,iucn
22689714,NA,6,8158.171,1,iucn
22689714,NA,7,39.1146,1.2432372845807036e-4,iucn
22689714,NA,8,74.6246,0.02341040094318462,iucn
22693162,NA,5,493.98720000000003,0.01756138250610401,iucn
22693195,NA,5,493.98720000000003,0.01756138250610401,iucn
22693195,NA,6,301.2223,0.03692277349910905,iucn
22693207,NA,6,1129.9232000000002,0.13850202453466592,iucn
22693231,NA,1,12437.927,0.7093445925462649,iucn
22693231,NA,2,23046.8941,0.50235630427722755,iucn
22693231,NA,3,7502.2169,0.3700996458319828,iucn
22693231,NA,4,11747.5439,0.8587821058300995,iucn
22693231,NA,5,12965.912,0.4609417818366226,iucn
22693231,NA,6,8158.171,1,iucn
22693231,NA,7,1606.4024,0.0051058667549199665,iucn
22693231,NA,8,992.4846,0.31135124899746475,iucn
22693235,NA,1,12437.927,0.7093445925462649,iucn
22693235,NA,2,23046.8941,0.50235630427722755,iucn
22693235,NA,3,7502.2169,0.3700996458319828,iucn
22693235,NA,4,11747.5439,0.8587821058300995,iucn
22693235,NA,5,12965.912,0.4609417818366226,iucn
22693235,NA,6,8158.171,1,iucn
22693235,NA,7,1606.4024,0.0051058667549199665,iucn
22693235,NA,8,992.4846,0.31135124899746475,iucn
22693277,NA,5,1440.796,0.051220698976136694,iucn
22693277,NA,6,1291.3408000000002,0.1582880280396182,iucn
22693305,NA,1,12437.927,0.7093445925462649,iucn
22693305,NA,2,23046.8941,0.50235630427722755,iucn
22693305,NA,3,7502.2169,0.3700996458319828,iucn
22693305,NA,4,11747.5439,0.8587821058300995,iucn
22693305,NA,5,12965.912,0.4609417818366226,iucn
22693305,NA,6,8158.171,1,iucn
22693305,NA,7,1606.4024,0.0051058667549199665,iucn
22693305,NA,8,992.4846,0.31135124899746475,iucn
22693319,NA,5,1440.796,0.051220698976136694,iucn
22693341,NA,1,17534.393200000002,0.9999999999999999,iucn
22693341,NA,2,45323.1869,0.987915706574538,iucn
22693341,NA,3,20270.8027,1,iucn
22693341,NA,4,13679.3068,1,iucn
22693341,NA,5,27307.884400000003,0.970802894044361,iucn
22693341,NA,6,8158.171,1,iucn
22693341,NA,7,27125.7077,0.08621765576863341,iucn
22693341,NA,8,3187.6686000000004,1,iucn
22693344,NA,1,12437.927,0.7093445925462649,iucn
22693344,NA,2,23046.8941,0.50235630427722755,iucn
22693344,NA,3,7502.2169,0.3700996458319828,iucn
22693344,NA,4,11747.5439,0.8587821058300995,iucn
22693344,NA,5,12965.912,0.4609417818366226,iucn
22693344,NA,6,8158.171,1,iucn
22693344,NA,7,1606.4024,0.0051058667549199665,iucn
22693344,NA,8,992.4846,0.31135124899746475,iucn
22693348,NA,1,12437.927,0.7093445925462649,iucn
22693348,NA,2,23046.8941,0.50235630427722755,iucn
22693348,NA,3,7502.2169,0.3700996458319828,iucn
22693348,NA,4,11747.5439,0.8587821058300995,iucn
22693348,NA,5,12965.912,0.4609417818366226,iucn
22693348,NA,6,8158.171,1,iucn
22693348,NA,7,1606.4024,0.0051058667549199665,iucn
22693348,NA,8,992.4846,0.31135124899746475,iucn
22693356,NA,1,16782.422300000002,0.9571145182258145,iucn
22693356,NA,2,36618.4034,0.7981763495219367,iucn
22693356,NA,3,15649.487200000001,0.7720210902156331,iucn
22693356,NA,4,13639.3626,0.9970799543731266,iucn
22693356,NA,5,19930.4912,0.708534511618398,iucn
22693356,NA,6,8158.171,1,iucn
22693356,NA,7,7199.8079,0.022884216182956486,iucn
22693356,NA,8,3074.1246,0.9643802370171103,iucn
22693363,ITS-176642,1,12437.927,0.7093445925462649,iucn
22693363,ITS-176642,2,23046.8941,0.50235630427722755,iucn
22693363,ITS-176642,3,7502.2169,0.3700996458319828,iucn
22693363,ITS-176642,4,11747.5439,0.8587821058300995,iucn
22693363,ITS-176642,5,12965.912,0.4609417818366226,iucn
22693363,ITS-176642,6,8158.171,1,iucn
22693363,ITS-176642,7,1606.4024,0.0051058667549199665,iucn
22693363,ITS-176642,8,992.4846,0.31135124899746475,iucn
22693373,NA,1,12437.927,0.7093445925462649,iucn
22693373,NA,2,23046.8941,0.50235630427722755,iucn
22693373,NA,3,7502.2169,0.3700996458319828,iucn
22693373,NA,4,11747.5439,0.8587821058300995,iucn
22693373,NA,5,12965.912,0.4609417818366226,iucn
22693373,NA,6,8158.171,1,iucn
22693373,NA,7,1606.4024,0.0051058667549199665,iucn
22693373,NA,8,992.4846,0.31135124899746475,iucn
22693376,NA,4,273.8022,0.020015794952416743,iucn
22693376,NA,5,1542.7,0.05484341455035,iucn
22693376,NA,6,6646.7575,0.814736231932378,iucn
22693396,NA,1,12437.927,0.7093445925462649,iucn
22693396,NA,2,23046.8941,0.50235630427722755,iucn
22693396,NA,3,7502.2169,0.3700996458319828,iucn
22693396,NA,4,11747.5439,0.8587821058300995,iucn
22693396,NA,5,12965.912,0.4609417818366226,iucn
22693396,NA,6,8158.171,1,iucn
22693396,NA,7,1606.4024,0.0051058667549199665,iucn
22693396,NA,8,992.4846,0.31135124899746475,iucn
22693424,NA,1,12437.927,0.7093445925462649,iucn
22693424,NA,2,23046.8941,0.50235630427722755,iucn
22693424,NA,3,7502.2169,0.3700996458319828,iucn
22693424,NA,4,11747.5439,0.8587821058300995,iucn
22693424,NA,5,12965.912,0.4609417818366226,iucn
22693424,NA,6,8158.171,1,iucn
22693424,NA,7,1606.4024,0.0051058667549199665,iucn
22693424,NA,8,992.4846,0.31135124899746475,iucn
22693427,ITS-176661,1,12437.927,0.7093445925462649,iucn
22693427,ITS-176661,2,23046.8941,0.50235630427722755,iucn
22693427,ITS-176661,3,7502.2169,0.3700996458319828,iucn
22693427,ITS-176661,4,11747.5439,0.8587821058300995,iucn
22693427,ITS-176661,5,12965.912,0.4609417818366226,iucn
22693427,ITS-176661,6,8158.171,1,iucn
22693427,ITS-176661,7,1606.4024,0.0051058667549199665,iucn
22693427,ITS-176661,8,992.4846,0.31135124899746475,iucn
22693468,NA,4,174.54850000000002,0.012760039858160065,iucn
22693468,NA,5,484.2528,0.017215321875651602,iucn
22693468,NA,6,181.183,0.02220877694277308,iucn
22693735,ITS-554381,1,12437.927,0.7093445925462649,iucn
22693735,ITS-554381,2,23046.8941,0.50235630427722755,iucn
22693735,ITS-554381,3,7502.2169,0.3700996458319828,iucn
22693735,ITS-554381,4,11747.5439,0.8587821058300995,iucn
22693735,ITS-554381,5,12965.912,0.4609417818366226,iucn
22693735,ITS-554381,6,8158.171,1,iucn
22693735,ITS-554381,7,1606.4024,0.0051058667549199665,iucn
22693735,ITS-554381,8,992.4846,0.31135124899746475,iucn
22693749,ITS-176567,5,3865.0932000000003,0.1374051394589608,iucn
22693749,ITS-176567,6,7819.8855,0.9585341493822573,iucn
22693764,NA,1,10746.0147,0.6128535260632799,iucn
22693764,NA,3,7502.2169,0.3700996458319828,iucn
22693764,NA,4,11747.5439,0.8587821058300995,iucn
22693764,NA,5,12965.912,0.4609417818366226,iucn
22693764,NA,6,8158.171,1,iucn
22693764,NA,7,39.1146,1.2432372845807036e-4,iucn
22693764,NA,8,992.4846,0.31135124899746475,iucn
22693777,NA,1,12437.927,0.7093445925462649,iucn
22693777,NA,2,249.75860000000003,0.005444022379460422,iucn
22693777,NA,3,7463.1023000000005,0.3681700429159621,iucn
22693777,NA,4,5796.71,0.4237575839734803,iucn
22693777,NA,5,10556.109,0.37527261419957253,iucn
22693777,NA,6,8158.171,1,iucn
22693777,NA,8,992.4846,0.31135124899746475,iucn
22694240,ITS-176792,5,224.1888,0.00796997426326927,iucn
22694240,ITS-176792,7,262104.1357,0.8330844082389702,iucn
22694296,ITS-176841,3,39.1146,0.0019296029160206863,iucn
22694296,ITS-176841,4,7514.7809,0.5493539263261498,iucn
22694296,ITS-176841,5,26587.488100000002,0.945192604991766,iucn
22694296,ITS-176841,7,13953.707,0.04435113436035331,iucn
22694308,ITS-176832,1,10828.867,0.6175786567852259,iucn
22694308,ITS-176832,2,23046.8941,0.50235630427722755,iucn
22694308,ITS-176832,3,7463.1023000000005,0.3681700429159621,iucn
22694308,ITS-176832,4,9889.6004,0.7229606400815574,iucn
22694308,ITS-176832,5,12904.1636,0.45874660902335956,iucn
22694308,ITS-176832,6,8158.171,1,iucn
22694308,ITS-176832,7,1567.2878,0.004981543026461897,iucn
22694308,ITS-176832,8,767.9646,0.2409173274787724,iucn
22694317,ITS-176830,4,905.8788000000001,0.06622256619026924,iucn
22694317,ITS-176830,5,1542.7,0.05484341455035,iucn
22694317,ITS-176830,6,7451.3747,0.91336338745535,iucn
22694321,ITS-176829,5,7386.5536,0.2625940371965905,iucn
22694321,ITS-176829,6,5907.731400000001,0.7241490034960042,iucn
22694334,ITS-176814,1,17534.393200000002,0.9999999999999999,iucn
22694334,ITS-176814,2,45877.585100000004,0.9999999999999999,iucn
22694334,ITS-176814,3,20270.8027,1,iucn
22694334,ITS-176814,4,13679.3068,1,iucn
22694334,ITS-176814,5,28129.1749,1,iucn
22694334,ITS-176814,6,8158.171,1,iucn
22694334,ITS-176814,7,222737.9439,0.7079610082867397,iucn
22694334,ITS-176814,8,3187.6686000000004,1,iucn
22694337,ITS-176817,5,8252.0424,0.29336240502383165,iucn
22694337,ITS-176817,6,7325.7505,0.8979648134367373,iucn
22694362,ITS-176816,5,101.904,0.0036227155742133053,iucn
22694362,ITS-176816,6,733.7088,0.08993545244393626,iucn
22694420,NA,6,285.3312,0.034974898172641884,iucn
22694432,NA,1,17534.393200000002,0.9999999999999999,iucn
22694432,NA,2,45877.585100000004,0.9999999999999999,iucn
22694432,NA,3,20270.8027,1,iucn
22694432,NA,4,13679.3068,1,iucn
22694432,NA,5,22896.7224,0.813984856697663,iucn
22694432,NA,6,8158.171,1,iucn
22694432,NA,7,50538.4599,0.1606338749545356,iucn
22694432,NA,8,3187.6686000000004,1,iucn
22694502,ITS-176845,2,16201.186600000001,0.3531394811798845,iucn
22694502,ITS-176845,7,209019.0992,0.6643563715720286,iucn
22694524,ITS-176935,5,61.748400000000004,0.0021951728132630012,iucn
22694524,ITS-176935,6,1431.1455,0.17542479803377498,iucn
22694623,ITS-176888,3,39.1146,0.0019296029160206863,iucn
22694623,ITS-176888,4,10044.9463,0.734316909976754,iucn
22694623,ITS-176888,5,12965.912,0.4609417818366226,iucn
22694623,ITS-176888,6,8158.171,1,iucn
22694623,ITS-176888,7,39.1146,1.2432372845807036e-4,iucn
22694787,NA,5,636.8548000000001,0.02264036546624764,iucn
22694787,NA,6,4449.164,0.5453629250968139,iucn
22694841,ITS-176974,1,1927.9859999999999,0.10995453210208607,iucn
22694841,ITS-176974,2,17383.5281,0.37891114063891734,iucn
22694841,ITS-176974,3,5863.085,0.2892379293889531,iucn
22694841,ITS-176974,4,10323.394199999999,0.7546723200915414,iucn
22694841,ITS-176974,5,474.3696,0.01686397136376723,iucn
22694841,ITS-176974,7,4822.1502,0.015326954437699214,iucn
22694841,ITS-176974,8,113.544,0.03561976298288975,iucn
22694847,ITS-176978,3,9711.515,0.4790888226641365,iucn
22694847,ITS-176978,4,10323.394199999999,0.7546723200915414,iucn
22694847,ITS-176978,5,652.2582,0.023187960625179943,iucn
22694847,ITS-176978,7,3176.4026,0.010096031004175134,iucn
22694864,ITS-176991,1,17534.393200000002,0.9999999999999999,iucn
22694864,ITS-176991,2,45877.585100000004,0.9999999999999999,iucn
22694864,ITS-176991,3,20270.8027,1,iucn
22694864,ITS-176991,4,13679.3068,1,iucn
22694864,ITS-176991,5,28129.1749,1,iucn
22694864,ITS-176991,6,8158.171,1,iucn
22694864,ITS-176991,7,238689.8952,0.7586634585686693,iucn
22694864,ITS-176991,8,3187.6686000000004,1,iucn
22694870,ITS-176996,1,17534.393200000002,0.9999999999999999,iucn
22694870,ITS-176996,2,45877.585100000004,0.9999999999999999,iucn
22694870,ITS-176996,3,20270.8027,1,iucn
22694870,ITS-176996,4,13679.3068,1,iucn
22694870,ITS-176996,5,28129.1749,1,iucn
22694870,ITS-176996,6,8158.171,1,iucn
22694870,ITS-176996,7,255116.77300000002,0.8108754381113747,iucn
22694870,ITS-176996,8,3187.6686000000004,1,iucn
22694875,ITS-176998,1,2097.8021000000003,0.11963927556957032,iucn
22694875,ITS-176998,2,6186.555200000001,0.13484919022034575,iucn
22694896,ITS-177008,1,17534.393200000002,0.9999999999999999,iucn
22694896,ITS-177008,2,45877.585100000004,0.9999999999999999,iucn
22694896,ITS-177008,3,20270.8027,1,iucn
22694896,ITS-177008,4,13679.3068,1,iucn
22694896,ITS-177008,5,28129.1749,1,iucn
22694896,ITS-177008,6,8158.171,1,iucn
22694896,ITS-177008,7,314618.9427,1,iucn
22694896,ITS-177008,8,3187.6686000000004,1,iucn
22694903,ITS-177013,1,14638.6628,0.834854256604671,iucn
22694903,ITS-177013,2,39044.4055,0.8510562492531891,iucn
22694903,ITS-177013,3,20270.8027,1,iucn
22694903,ITS-177013,4,13679.3068,1,iucn
22694903,ITS-177013,5,28129.1749,1,iucn
22694903,ITS-177013,6,8158.171,1,iucn
22694903,ITS-177013,7,252428.42500000002,0.8023306633532845,iucn
22694903,ITS-177013,8,3187.6686000000004,1,iucn
22694906,NA,2,4854.2129,0.10580794279862825,iucn
22694906,NA,3,2013.7731,0.09934353018985281,iucn
22694906,NA,4,1583.5043,0.1157591041089889,iucn
22694906,NA,5,3078.2985,0.1094343687983539,iucn
22694906,NA,7,311820.058,0.9911038900710157,iucn
22694924,ITS-177023,1,14371.1766,0.8195993118256295,iucn
22694924,ITS-177023,2,40115.2184,0.8743969045572104,iucn
22694924,ITS-177023,3,20270.8027,1,iucn
22694924,ITS-177023,4,13679.3068,1,iucn
22694924,ITS-177023,5,28129.1749,1,iucn
22694924,ITS-177023,6,8158.171,1,iucn
22694924,ITS-177023,7,103695.0329,0.32958928667838283,iucn
22694924,ITS-177023,8,3187.6686000000004,1,iucn
22694931,ITS-177029,1,15426.2846,0.8797729367674952,iucn
22694931,ITS-177029,2,45877.585100000004,0.9999999999999999,iucn
22694931,ITS-177029,3,2932.5575,0.14466903671259154,iucn
22694931,ITS-177029,7,279487.7078,0.8883371910206346,iucn
22694931,ITS-177029,8,1587.0480000000002,0.4978710773133694,iucn
22694934,ITS-177032,2,31604.1574,0.6888801433447724,iucn
22694934,ITS-177032,3,12566.0679,0.6199097335203209,iucn
22694934,ITS-177032,4,8733.8956,0.6384750139531924,iucn
22694934,ITS-177032,5,27472.3465,0.9766495674922907,iucn
22694934,ITS-177032,7,314618.9427,1,iucn
22695144,NA,1,316.25100000000003,0.01803603902300993,iucn
22695144,NA,3,56.129999999999995,0.0027690072677783004,iucn
22696453,NA,1,12437.927,0.7093445925462649,iucn
22696453,NA,2,1391.5122000000001,0.03033098182842235,iucn
22696453,NA,3,7502.2169,0.3700996458319828,iucn
22696453,NA,4,11747.5439,0.8587821058300995,iucn
22696453,NA,5,12965.912,0.4609417818366226,iucn
22696453,NA,6,8158.171,1,iucn
22696453,NA,7,39.1146,1.2432372845807036e-4,iucn
22696453,NA,8,992.4846,0.31135124899746475,iucn
22696599,NA,1,17534.393200000002,0.9999999999999999,iucn
22696599,NA,2,45877.585100000004,0.9999999999999999,iucn
22696599,NA,3,20270.8027,1,iucn
22696599,NA,4,13679.3068,1,iucn
22696599,NA,5,28129.1749,1,iucn
22696599,NA,6,8158.171,1,iucn
22696599,NA,7,176499.0768,0.56099316616259165,iucn
22696599,NA,8,3187.6686000000004,1,iucn
22696753,ITS-174724,1,15569.418000000001,0.887935945225638,iucn
22696753,ITS-174724,2,9025.8507,0.1967377027436433,iucn
22696753,ITS-174724,3,15424.585200000001,0.7609262163061752,iucn
22696753,ITS-174724,4,13679.3068,1,iucn
22696753,ITS-174724,5,27307.884400000003,0.970802894044361,iucn
22696753,ITS-174724,6,8158.171,1,iucn
22696753,ITS-174724,7,12208.9154,0.03880540470712096,iucn
22696753,ITS-174724,8,1825.1406000000002,0.572562844205323,iucn
22696776,ITS-174717,1,11631.4734,0.6633519202706142,iucn
22696776,ITS-174717,2,9232.215900000001,0.20123587324564735,iucn
22696776,ITS-174717,3,6199.465300000001,0.3058322549802135,iucn
22696776,ITS-174717,4,11415.6986,0.8345231792008642,iucn
22696776,ITS-174717,5,12965.912,0.4609417818366226,iucn
22696776,ITS-174717,6,8019.8132000000005,0.9830405859352543,iucn
22696776,ITS-174717,7,39.1146,1.2432372845807036e-4,iucn
22696776,ITS-174717,8,992.4846,0.31135124899746475,iucn
22696974,NA,1,229.0457,0.013062653345768473,iucn
22696974,NA,6,686.0248,0.08409051489604717,iucn
22696998,NA,1,12437.927,0.7093445925462649,iucn
22696998,NA,2,23046.8941,0.50235630427722755,iucn
22696998,NA,3,7406.5339,0.3653794084829211,iucn
22696998,NA,4,11202.4547,0.8189343848914917,iucn
22696998,NA,5,12965.912,0.4609417818366226,iucn
22696998,NA,6,8158.171,1,iucn
22696998,NA,7,1606.4024,0.0051058667549199665,iucn
22696998,NA,8,992.4846,0.31135124899746475,iucn
22697829,NA,1,16003.1892,0.9126742521092773,iucn
22697829,NA,2,45877.585100000004,0.9999999999999999,iucn
22697829,NA,3,19552.9873,0.9645887037319938,iucn
22697829,NA,4,9585.1944,0.7007076118798651,iucn
22697829,NA,5,26447.0681,0.9402006348931337,iucn
22697829,NA,7,91531.9982,0.2909297113978255,iucn
22697829,NA,8,3169.1740000000004,0.9941980794364884,iucn
22697839,NA,1,17534.393200000002,0.9999999999999999,iucn
22697839,NA,2,45877.585100000004,0.9999999999999999,iucn
22697839,NA,3,19742.7556,0.9739503606337208,iucn
22697839,NA,4,13679.3068,1,iucn
22697839,NA,5,27307.884400000003,0.970802894044361,iucn
22697839,NA,6,8158.171,1,iucn
22697839,NA,7,26097.2426,0.0829487327623646,iucn
22697839,NA,8,3187.6686000000004,1,iucn
22697842,NA,1,17534.393200000002,0.9999999999999999,iucn
22697842,NA,2,45877.585100000004,0.9999999999999999,iucn
22697842,NA,3,20270.8027,1,iucn
22697842,NA,4,13679.3068,1,iucn
22697842,NA,5,28129.1749,1,iucn
22697842,NA,6,8158.171,1,iucn
22697842,NA,7,112093.2502,0.35628258501550164,iucn
22697842,NA,8,3187.6686000000004,1,iucn
22697847,NA,1,17534.393200000002,0.9999999999999999,iucn
22697847,NA,2,45877.585100000004,0.9999999999999999,iucn
22697847,NA,3,20270.8027,1,iucn
22697847,NA,4,13679.3068,1,iucn
22697847,NA,5,28129.1749,1,iucn
22697847,NA,6,8158.171,1,iucn
22697847,NA,7,71998.2882,0.22884282676092027,iucn
22697847,NA,8,3187.6686000000004,1,iucn
22697866,ITS-174536,2,5920.5236,0.1290504630331992,iucn
22697866,ITS-174536,3,9828.9008,0.48487970335777575,iucn
22697866,ITS-174536,4,7453.1152999999995,0.544845978598857,iucn
22697866,ITS-174536,5,19.7654,7.026654734903013e-4,iucn
22697866,ITS-174536,7,6959.875,0.022121601898066515,iucn
22698039,NA,2,3290.0373999999997,0.07171339539403959,iucn
22698039,NA,3,3348.7644,0.1652013711326784,iucn
22698039,NA,4,1583.5043,0.1157591041089889,iucn
22698039,NA,5,3078.2985,0.1094343687983539,iucn
22698039,NA,7,302992.3517,0.9630454832114596,iucn
22698182,NA,1,17534.393200000002,0.9999999999999999,iucn
22698182,NA,2,45877.585100000004,0.9999999999999999,iucn
22698182,NA,3,20214.6727,0.9972309927322217,iucn
22698182,NA,4,12715.3849,0.9295343021329121,iucn
22698182,NA,5,26587.488100000002,0.945192604991766,iucn
22698182,NA,7,314618.9427,1,iucn
22698182,NA,8,3187.6686000000004,1,iucn
22698195,NA,1,17534.393200000002,0.9999999999999999,iucn
22698195,NA,2,45877.585100000004,0.9999999999999999,iucn
22698195,NA,3,20270.8027,1,iucn
22698195,NA,4,13679.3068,1,iucn
22698195,NA,5,28129.1749,1,iucn
22698195,NA,6,8158.171,1,iucn
22698195,NA,7,314618.9427,1,iucn
22698195,NA,8,3187.6686000000004,1,iucn
22698511,SLB-40419,2,15513.3609,0.33814685027961505,iucn
22698511,SLB-40419,3,39.1146,0.0019296029160206863,iucn
22698511,SLB-40419,4,5950.8339,0.43502452185661916,iucn
22698511,SLB-40419,5,12349.438,0.4390259594852176,iucn
22698511,SLB-40419,6,487.1032,0.05970740255383223,iucn
22698511,SLB-40419,7,1606.4024,0.0051058667549199665,iucn
22698572,NA,1,17534.393200000002,0.9999999999999999,iucn
22698572,NA,2,45877.585100000004,0.9999999999999999,iucn
22698572,NA,3,20270.8027,1,iucn
22698572,NA,4,13679.3068,1,iucn
22698572,NA,5,28129.1749,1,iucn
22698572,NA,6,8158.171,1,iucn
22698572,NA,7,314618.9427,1,iucn
22698572,NA,8,3187.6686000000004,1,iucn
22705986,NA,1,12437.927,0.7093445925462649,iucn
22705986,NA,2,23046.8941,0.50235630427722755,iucn
22705986,NA,3,7502.2169,0.3700996458319828,iucn
22705986,NA,4,11747.5439,0.8587821058300995,iucn
22705986,NA,5,12965.912,0.4609417818366226,iucn
22705986,NA,6,8158.171,1,iucn
22705986,NA,7,1606.4024,0.0051058667549199665,iucn
22705986,NA,8,992.4846,0.31135124899746475,iucn
22711374,NA,4,928.9738,0.0679108827356661,iucn
22711374,NA,5,2214.2484,0.07871714715670526,iucn
22711374,NA,6,6547.0453,0.8025138600306367,iucn
22712077,NA,1,3682.5786000000003,0.2100203045520845,iucn
22712077,NA,3,7502.2169,0.3700996458319828,iucn
22712077,NA,4,11747.5439,0.8587821058300995,iucn
22712077,NA,5,12965.912,0.4609417818366226,iucn
22712077,NA,6,8158.171,1,iucn
22712077,NA,7,39.1146,1.2432372845807036e-4,iucn
22712077,NA,8,767.9646,0.2409173274787724,iucn
22717434,NA,4,810.3814,0.05924140834387895,iucn
22717434,NA,5,10556.109,0.37527261419957253,iucn
22717434,NA,6,5277.3174,0.6468750655018141,iucn
22718575,NA,5,1563.0808000000002,0.05556795766519266,iucn
22718575,NA,6,3763.1392,0.4612724102007668,iucn
22721033,NA,1,1935.5323,0.11038490342511538,iucn
22721033,NA,3,3189.3662000000004,0.15733793314460112,iucn
22721033,NA,4,4826.8188,0.35285551165502044,iucn
22721033,NA,5,1440.796,0.051220698976136694,iucn
22721033,NA,6,6031.6411,0.7393374201153665,iucn
22721033,NA,8,18.494600000000002,0.005801920563511527,iucn
22721058,NA,1,12437.927,0.7093445925462649,iucn
22721058,NA,2,23046.8941,0.50235630427722755,iucn
22721058,NA,3,7502.2169,0.3700996458319828,iucn
22721058,NA,4,11747.5439,0.8587821058300995,iucn
22721058,NA,5,12965.912,0.4609417818366226,iucn
22721058,NA,6,8158.171,1,iucn
22721058,NA,7,1606.4024,0.0051058667549199665,iucn
22721058,NA,8,992.4846,0.31135124899746475,iucn
22721836,NA,1,4257.0294,0.2427816777828388,iucn
22721836,NA,3,3189.3662000000004,0.15733793314460112,iucn
22721836,NA,4,9038.3016,0.6607280421548846,iucn
22721836,NA,5,12965.912,0.4609417818366226,iucn
22721836,NA,6,8158.171,1,iucn
22721836,NA,8,18.494600000000002,0.005801920563511527,iucn
22724332,NA,3,1088.4002,0.053692999537704546,iucn
22724332,NA,4,10896.2451,0.7965495079034267,iucn
22724332,NA,5,12965.912,0.4609417818366226,iucn
22724332,NA,6,8158.171,1,iucn
22724332,NA,7,39.1146,1.2432372845807036e-4,iucn
22727750,NA,5,7819.8036,0.2779961953309907,iucn
22727750,NA,6,8039.5786,0.9854633593730752,iucn
22728182,NA,4,1554.8074000000001,0.11366127119833294,iucn
22728182,NA,5,7899.692,0.28083625019516656,iucn
22728182,NA,6,8158.171,1,iucn
22728950,ITS-174725,1,17534.393200000002,0.9999999999999999,iucn
22728950,ITS-174725,2,43575.2122,0.9498148628577225,iucn
22728950,ITS-174725,3,15728.640300000001,0.7759258739171686,iucn
22728950,ITS-174725,4,13639.3626,0.9970799543731266,iucn
22728950,ITS-174725,5,24028.776400000002,0.8542296916074847,iucn
22728950,ITS-174725,6,8158.171,1,iucn
22728950,ITS-174725,7,18451.7854,0.058648043381146354,iucn
22728950,ITS-174725,8,3187.6686000000004,1,iucn
22728995,NA,1,12437.927,0.7093445925462649,iucn
22728995,NA,2,23046.8941,0.50235630427722755,iucn
22728995,NA,3,7502.2169,0.3700996458319828,iucn
22728995,NA,4,11747.5439,0.8587821058300995,iucn
22728995,NA,5,12965.912,0.4609417818366226,iucn
22728995,NA,6,8158.171,1,iucn
22728995,NA,7,1606.4024,0.0051058667549199665,iucn
22728995,NA,8,992.4846,0.31135124899746475,iucn
22729867,NA,1,11657.838600000001,0.6648555480094971,iucn
22729867,NA,2,21655.3819,0.47202532244880513,iucn
22729867,NA,3,7502.2169,0.3700996458319828,iucn
22729867,NA,4,11747.5439,0.8587821058300995,iucn
22729867,NA,5,12965.912,0.4609417818366226,iucn
22729867,NA,6,8158.171,1,iucn
22729867,NA,7,1606.4024,0.0051058667549199665,iucn
22729867,NA,8,992.4846,0.31135124899746475,iucn
22732425,NA,1,17534.393200000002,0.9999999999999999,iucn
22732425,NA,2,41842.8366,0.9120540348580815,iucn
22732425,NA,3,19742.7556,0.9739503606337208,iucn
22732425,NA,4,12115.3598,0.8856705955304693,iucn
22732425,NA,5,22601.3227,0.8034833151113864,iucn
22732425,NA,6,8158.171,1,iucn
22732425,NA,7,5271.8332,0.016756248542310035,iucn
22732425,NA,8,3187.6686000000004,1,iucn
22733989,ITS-174685,5,61.748400000000004,0.0021951728132630012,iucn
22734194,NA,1,15442.4555,0.8806951756961854,iucn
22734194,NA,2,44892.3609,0.9785249333012517,iucn
22734194,NA,3,19008.2503,0.93771571759218,iucn
22734194,NA,4,13308.3469,0.9728816740918479,iucn
22734194,NA,5,25455.4324,0.904947709646471,iucn
22734194,NA,6,7698.8255,0.9436950389983245,iucn
22734194,NA,7,23948.0186,0.07611753569089849,iucn
22734194,NA,8,3169.1740000000004,0.9941980794364884,iucn
62030590,NA,1,12437.927,0.7093445925462649,iucn
62030590,NA,2,13964.723100000001,0.30439098024799915,iucn
62030590,NA,3,7502.2169,0.3700996458319828,iucn
62030590,NA,4,11747.5439,0.8587821058300995,iucn
62030590,NA,5,12965.912,0.4609417818366226,iucn
62030590,NA,6,8158.171,1,iucn
62030590,NA,7,39.1146,1.2432372845807036e-4,iucn
62030590,NA,8,992.4846,0.31135124899746475,iucn
62101215,NA,2,3392.5292,0.07394742318291726,iucn
62101215,NA,3,13924.7665,0.6869371038769965,iucn
62101215,NA,4,8733.8956,0.6384750139531924,iucn
62101215,NA,5,26627.842500000002,0.9466272151480704,iucn
62101215,NA,6,201.77200000000002,0.024732504381190346,iucn
62101215,NA,7,90953.1202,0.2890897776829888,iucn
62101249,NA,2,3392.5292,0.07394742318291726,iucn
62101249,NA,3,13924.7665,0.6869371038769965,iucn
62101249,NA,4,8733.8956,0.6384750139531924,iucn
62101249,NA,5,26627.842500000002,0.9466272151480704,iucn
62101249,NA,6,201.77200000000002,0.024732504381190346,iucn
62101249,NA,7,90953.1202,0.2890897776829888,iucn
62169677,NA,1,12437.927,0.7093445925462649,iucn
62169677,NA,2,249.75860000000003,0.005444022379460422,iucn
62169677,NA,3,7502.2169,0.3700996458319828,iucn
62169677,NA,4,11747.5439,0.8587821058300995,iucn
62169677,NA,5,12965.912,0.4609417818366226,iucn
62169677,NA,6,8158.171,1,iucn
62169677,NA,7,39.1146,1.2432372845807036e-4,iucn
62169677,NA,8,992.4846,0.31135124899746475,iucn
70207409,NA,3,56.129999999999995,0.0027690072677783004,iucn
102998555,NA,5,101.904,0.0036227155742133053,iucn
102998555,NA,6,733.7088,0.08993545244393626,iucn
NA,Chn-0721ac0c-7d19-46fa-9dcc-02da54310867,5,5914.2897,0.2102546456135121,am
NA,Chn-0721ac0c-7d19-46fa-9dcc-02da54310867,7,25953.2955,0.08249120436701537,am
NA,Chn-f41af29f-5e40-4cb4-8862-220e6e64b329,2,15639.1225,0.3408880930831732,am
NA,Chn-f41af29f-5e40-4cb4-8862-220e6e64b329,3,58.043099999999995,0.002863384388818505,am
NA,Chn-f41af29f-5e40-4cb4-8862-220e6e64b329,4,1524.0028,0.11140935884265714,am
NA,Chn-f41af29f-5e40-4cb4-8862-220e6e64b329,5,5338.769,0.1897947244801695,am
NA,Chn-f41af29f-5e40-4cb4-8862-220e6e64b329,7,34182.2344,0.10864646008487142,am
NA,Fis-10690,1,14542.455800000002,0.8293674970172334,am
NA,Fis-10690,2,26928.2668,0.5869591161196495,am
NA,Fis-10690,3,6230.3588,0.3073562942823177,am
NA,Fis-10690,4,10896.2451,0.7965495079034267,am
NA,Fis-10690,5,12965.912,0.4609417818366226,am
NA,Fis-10690,6,8158.171,1,am
NA,Fis-10690,7,1855.1782,0.0058965877390573275,am
NA,Fis-10690,8,992.4846,0.31135124899746475,am
NA,Fis-10768,1,17516.7743,0.9989951805118639,am
NA,Fis-10768,2,42972.212400000004,0.9366711937067498,am
NA,Fis-10768,3,20063.0681,0.9897520289120075,am
NA,Fis-10768,4,13639.3626,0.9970799543731266,am
NA,Fis-10768,5,24438.5072,0.8687957356331841,am
NA,Fis-10768,6,6730.3199,0.8249790179686108,am
NA,Fis-10768,7,8917.420900000001,0.028343560064986513,am
NA,Fis-10768,8,3187.6686000000004,1,am
NA,Fis-1099,1,15850.7283,0.9039792891150632,am
NA,Fis-1099,2,31198.594100000002,0.6800400246001614,am
NA,Fis-1099,3,13609.229200000002,0.6713710059444267,am
NA,Fis-1099,4,11767.1012,0.8602118054695578,am
NA,Fis-1099,5,12965.912,0.4609417818366226,am
NA,Fis-1099,6,8158.171,1,am
NA,Fis-1099,7,2363.668,0.007512796209012243,am
NA,Fis-1099,8,1825.1406000000002,0.572562844205323,am
NA,Fis-11256,1,17429.1284,0.9939966670759954,am
NA,Fis-11256,2,42972.212400000004,0.9366711937067498,am
NA,Fis-11256,3,20006.9381,0.9869830216442292,am
NA,Fis-11256,4,11431.4831,0.8356770753909839,am
NA,Fis-11256,5,18491.0939,0.6573635368167162,am
NA,Fis-11256,6,338.2855,0.041465850617742626,am
NA,Fis-11256,7,6966.9762,0.022144172694151004,am
NA,Fis-11256,8,3187.6686000000004,1,am
60471850,Fis-112702,2,12513.9108,0.27276742602565623,am
60471850,Fis-112702,3,2013.7731,0.09934353018985281,am
60471850,Fis-112702,4,3480.5693,0.25444047354797245,am
60471850,Fis-112702,5,9332.709,0.3317804035553137,am
60471850,Fis-112702,7,27632.316600000002,0.08782788589544134,am
NA,Fis-114098,2,16860.0992,0.36750188928318284,am
NA,Fis-114098,3,2013.7731,0.09934353018985281,am
NA,Fis-114098,4,3520.5135,0.2573605191748459,am
NA,Fis-114098,5,11580.6555,0.4116955275499389,am
NA,Fis-114098,7,314579.8281,0.999875676271542,am
NA,Fis-114124,2,19373.5379,0.4222876565488622,am
NA,Fis-114124,3,1921.0815,0.09477086469792338,am
NA,Fis-114124,4,1563.947,0.11432940446953056,am
NA,Fis-114124,5,9583.6522,0.34070150418809475,am
NA,Fis-114124,7,314051.3662,0.9981959875170605,am
NA,Fis-115192,1,17516.7743,0.9989951805118639,am
NA,Fis-115192,2,42972.212400000004,0.9366711937067498,am
NA,Fis-115192,3,20063.0681,0.9897520289120075,am
NA,Fis-115192,4,12115.3598,0.8856705955304693,am
NA,Fis-115192,5,24453.7747,0.8693384995092764,am
NA,Fis-115192,6,7860.243100000001,0.9634810425032768,am
NA,Fis-115192,7,5117.5162,0.016265759957370805,am
NA,Fis-115192,8,3187.6686000000004,1,am
NA,Fis-116315,1,12334.2792,0.7034334783823599,am
NA,Fis-116315,2,30473.154300000002,0.6642275140153355,am
NA,Fis-116315,3,4705.442000000001,0.23212904144146204,am
NA,Fis-116315,7,2019.776,0.006419753313855377,am
NA,Fis-116315,8,2345.934,0.7359403672012831,am
NA,Fis-116321,2,4328.1747000000005,0.09434181617375496,am
NA,Fis-116739,1,8650.6965,0.49335590923100775,am
NA,Fis-116739,2,33768.4309,0.7360551089686714,am
NA,Fis-116739,3,12962.709200000001,0.6394768570264857,am
NA,Fis-116739,4,6332.9919,0.46296146380750813,am
NA,Fis-116739,5,12488.520700000001,0.4439703881964913,am
NA,Fis-116739,7,112042.24280000001,0.3561204606387484,am
NA,Fis-116739,8,3113.0440000000003,0.9765895990568154,am
NA,Fis-116755,2,7262.8603,0.1583095597592821,am
NA,Fis-116755,5,2247.9465,0.07991512399462523,am
NA,Fis-116755,7,258437.503,0.8214302062747348,am
155077,Fis-116901,2,7224.587100000001,0.1574753135818389,am
155077,Fis-116901,7,208565.9119,0.6629159392315255,am
NA,Fis-116910,2,16238.9012,0.35396155147669267,am
NA,Fis-116910,3,3348.7644,0.1652013711326784,am
NA,Fis-116910,4,1583.5043,0.1157591041089889,am
NA,Fis-116910,5,9359.4634,0.33273152992482546,am
NA,Fis-116910,7,60578.5706,0.19254584635027444,am
NA,Fis-116917,2,17552.7825,0.38260040195533307,am
NA,Fis-116917,3,58.043099999999995,0.002863384388818505,am
NA,Fis-116917,5,3890.532,0.13830949588215613,am
NA,Fis-116917,7,17144.0731,0.054491547625431645,am
NA,Fis-116935,1,13291.9979,0.7580529162537543,am
NA,Fis-116935,2,36681.0827,0.7995425788006439,am
NA,Fis-116935,3,14026.8327,0.6919722374881583,am
NA,Fis-116935,4,9104.6547,0.6655786607549441,am
NA,Fis-116935,5,14438.9004,0.5133069295964312,am
NA,Fis-116935,7,12280.5177,0.03903298890591561,am
NA,Fis-116935,8,3113.0440000000003,0.9765895990568154,am
NA,Fis-116939,2,8750.8422,0.1907433048388591,am
NA,Fis-116939,7,2755.0051,0.00875664089503661,am
NA,Fis-116940,1,11959.3807,0.682052727094086,am
NA,Fis-116940,2,42008.8578,0.9156728216716882,am
NA,Fis-116940,3,16855.2634,0.8315044869930089,am
NA,Fis-116940,4,599.9883,0.04386101640764428,am
NA,Fis-116940,5,5908.252,0.21004000369737114,am
NA,Fis-116940,7,6907.8895,0.021956368681166506,am
NA,Fis-116940,8,2364.4286,0.7417422877647947,am
NA,Fis-117113,2,7741.2753,0.16873763697732205,am
NA,Fis-117113,5,3176.0977000000003,0.11291115758962414,am
NA,Fis-117113,7,257262.00830000002,0.817693957306659,am
NA,Fis-117115,2,7741.2753,0.16873763697732205,am
NA,Fis-117115,5,3176.0977000000003,0.11291115758962414,am
NA,Fis-117115,7,216948.5075,0.6895595848049997,am
NA,Fis-117130,2,14168.6973,0.30883703379583505,am
NA,Fis-117130,5,2801.3865,0.09959007009480396,am
NA,Fis-117130,7,25440.0553,0.08085989699691404,am
154969,Fis-120470,2,20131.2352,0.438803288275084,am
154969,Fis-120470,3,5322.649,0.2625771203426493,am
154969,Fis-120470,4,5773.3516,0.42205001206640086,am
154969,Fis-120470,5,16713.140900000002,0.5941568126123742,am
154969,Fis-120470,7,31768.6011,0.10097485175993505,am
NA,Fis-123121,2,10829.5148,0.23605241593241574,am
NA,Fis-123121,3,586.0902,0.02891302375509777,am
NA,Fis-123121,5,3890.532,0.13830949588215613,am
NA,Fis-123121,7,6275.9029,0.01994763203429963,am
NA,Fis-124211,2,16468.1652,0.358958850255612,am
NA,Fis-124211,3,3348.7644,0.1652013711326784,am
NA,Fis-124211,4,1956.5665,0.14303111470531532,am
NA,Fis-124211,5,9037.3093,0.321278861969037,am
NA,Fis-124211,7,6804.3648,0.021627320788780973,am
NA,Fis-124272,1,14215.7954,0.8107378018647374,am
NA,Fis-124272,2,35595.8204,0.7758869679476655,am
NA,Fis-124272,3,18261.8731,0.900895409534029,am
NA,Fis-124272,4,7010.1606,0.5124646082212294,am
NA,Fis-124272,5,9037.3093,0.321278861969037,am
NA,Fis-124272,7,4274.2657,0.01358553195595619,am
NA,Fis-124272,8,3113.0440000000003,0.9765895990568154,am
NA,Fis-124273,1,3426.0486,0.19539020032925916,am
NA,Fis-124273,2,25320.6918,0.5519185838750698,am
NA,Fis-124273,3,246.01200000000003,0.012136273222174868,am
NA,Fis-124273,7,19615.145,0.06234572156293754,am
NA,Fis-124273,8,1362.5280000000002,0.42743715579467706,am
NA,Fis-124274,1,12505.299,0.7131868697914222,am
NA,Fis-124274,2,40305.2716,0.8785395201631918,am
NA,Fis-124274,3,14168.356600000001,0.6989538998374248,am
NA,Fis-124274,4,1672.5403999999999,0.12226792076920154,am
NA,Fis-124274,7,116368.6115,0.3698715992792636,am
NA,Fis-124274,8,2514.324,0.7887658083403024,am
NA,Fis-124275,2,20759.5405,0.45249854487218855,am
NA,Fis-124275,3,3348.7644,0.1652013711326784,am
NA,Fis-124275,4,1583.5043,0.1157591041089889,am
NA,Fis-124275,5,9359.4634,0.33273152992482546,am
NA,Fis-124275,7,89710.1453,0.2851390463972848,am
NA,Fis-124276,1,9992.8218,0.5698983526843688,am
NA,Fis-124276,2,43578.2292,0.9498806248195483,am
NA,Fis-124276,3,16704.0966,0.8240471207388349,am
NA,Fis-124276,4,1931.7629,0.14121789416990047,am
NA,Fis-124276,5,9359.4634,0.33273152992482546,am
NA,Fis-124276,7,127100.7436,0.40398312482155574,am
NA,Fis-124276,8,2345.934,0.7359403672012831,am
NA,Fis-124280,2,2942.0009,0.06412719618060281,am
NA,Fis-124280,7,2708.1859,0.008607828494873395,am
NA,Fis-124376,1,4358.645100000001,0.24857689971273142,am
NA,Fis-124376,2,38610.8944,0.841606948487792,am
NA,Fis-124376,3,13163.5597,0.6493852214347684,am
NA,Fis-124376,4,1912.2056,0.13978819453044214,am
NA,Fis-124376,5,9583.6522,0.34070150418809475,am
NA,Fis-124376,7,314051.3662,0.9981959875170605,am
NA,Fis-124376,8,2195.184,0.6886487510025352,am
NA,Fis-124381,1,15093.991100000001,0.8608219815670609,am
NA,Fis-124381,2,42972.212400000004,0.9366711937067498,am
NA,Fis-124381,3,19166.0333,0.9454994744732038,am
NA,Fis-124381,4,7010.1606,0.5124646082212294,am
NA,Fis-124381,5,4014.7233,0.14272453117705916,am
NA,Fis-124381,7,6802.3138,0.021620801791601724,am
NA,Fis-124381,8,3169.1740000000004,0.9941980794364884,am
NA,Fis-125600,2,14936.6631,0.3255764894216282,am
NA,Fis-125600,4,39.9442,0.002920045626873432,am
NA,Fis-125600,5,2951.9089,0.10494118332635487,am
NA,Fis-125600,7,73321.3641,0.2330481549228091,am
NA,Fis-125615,1,1943.2134,0.1108229624963583,am
NA,Fis-125615,2,20452.2012,0.4457994280958785,am
NA,Fis-125615,7,170.316,5.413405770751769e-4,am
NA,Fis-125622,2,7915.404600000001,0.17253315715608578,am
NA,Fis-125622,4,39.9442,0.002920045626873432,am
NA,Fis-125622,5,3176.0977000000003,0.11291115758962414,am
NA,Fis-125622,7,261638.5109,0.8316044439494583,am
NA,Fis-125628,2,5634.971100000001,0.12282623611764604,am
NA,Fis-125628,7,255581.6282,0.8123529562671815,am
NA,Fis-125639,1,2980.8504,0.17000020280142913,am
NA,Fis-125639,2,27936.2379,0.6089300001102281,am
NA,Fis-125639,3,6088.113,0.3003390191351426,am
NA,Fis-125639,4,5773.3516,0.42205001206640086,am
NA,Fis-125639,5,16196.4452,0.5757881366083013,am
NA,Fis-125639,6,2104.0439,0.2579063248367802,am
NA,Fis-125639,7,14383.9977,0.045718791044681746,am
NA,Fis-125639,8,338.06399999999996,0.10605368450158212,am
NA,Fis-125642,1,1609.06,0.09176593576103904,am
NA,Fis-125642,2,19160.4352,0.4176426278374447,am
NA,Fis-125642,3,5322.649,0.2625771203426493,am
NA,Fis-125642,4,5773.3516,0.42205001206640086,am
NA,Fis-125642,5,14438.9004,0.5133069295964312,am
NA,Fis-125642,7,12280.5177,0.03903298890591561,am
NA,Fis-125642,8,224.51999999999998,0.07043392151869236,am
NA,Fis-125662,2,7915.404600000001,0.17253315715608578,am
NA,Fis-125662,4,39.9442,0.002920045626873432,am
NA,Fis-125662,5,3176.0977000000003,0.11291115758962414,am
NA,Fis-125662,7,234225.7112,0.7444742811412416,am
NA,Fis-125665,1,1609.06,0.09176593576103904,am
NA,Fis-125665,2,20131.2352,0.438803288275084,am
NA,Fis-125665,3,5322.649,0.2625771203426493,am
NA,Fis-125665,4,5813.2958,0.4249700576932743,am
NA,Fis-125665,5,18716.1153,0.6653631102418152,am
NA,Fis-125665,7,64336.5773,0.20449047583681934,am
NA,Fis-125665,8,224.51999999999998,0.07043392151869236,am
NA,Fis-125693,2,5634.971100000001,0.12282623611764604,am
NA,Fis-125693,5,2247.9465,0.07991512399462523,am
NA,Fis-125693,7,121134.2585,0.38501896122480356,am
NA,Fis-125726,2,20131.2352,0.438803288275084,am
NA,Fis-125726,3,5283.5344,0.26064751742662856,am
NA,Fis-125726,4,1543.5601,0.11283905848211548,am
NA,Fis-125726,5,7335.7057,0.2607863801934695,am
NA,Fis-125726,7,18717.1948,0.059491633400622954,am
154778,Fis-125736,2,6718.9211000000005,0.14645324258795828,am
154778,Fis-125736,7,181111.8476,0.5756546190313034,am
NA,Fis-125842,2,20622.5219,0.4495119316992995,am
NA,Fis-125842,3,3387.879,0.16713097404869912,am
NA,Fis-125842,4,5378.456999999999,0.3931819849233881,am
NA,Fis-125842,5,14750.7895,0.5243946739440267,am
NA,Fis-125842,7,236870.8984,0.7528818715339227,am
NA,Fis-125929,1,17225.6878,0.9823942923784781,am
NA,Fis-125929,2,42972.212400000004,0.9366711937067498,am
NA,Fis-125929,3,19552.9873,0.9645887037319938,am
NA,Fis-125929,4,11296.0492,0.8257764348117406,am
NA,Fis-125929,5,24313.3547,0.864346529410644,am
NA,Fis-125929,6,7860.243100000001,0.9634810425032768,am
NA,Fis-125929,7,4994.0194,0.015873231780458845,am
NA,Fis-125929,8,3169.1740000000004,0.9941980794364884,am
15148566,Fis-126093,2,4875.5945,0.1062740004595403,am
15148566,Fis-126093,4,39.9442,0.002920045626873432,am
15148566,Fis-126093,5,7066.6297,0.2512206534717803,am
15148566,Fis-126093,7,274084.5548,0.8711635493014451,am
NA,Fis-126951,7,1972.9568,0.006270940913692162,am
NA,Fis-127016,7,159208.3948,0.5060356297484945,am
NA,Fis-127585,2,12484.3013,0.2721220237025946,am
NA,Fis-127585,5,1852.4520000000002,0.06585518439789004,am
NA,Fis-127585,7,4441.9183,0.01411840705419801,am
NA,Fis-128093,2,9385.8298,0.2045842164434239,am
NA,Fis-128093,3,586.0902,0.02891302375509777,am
NA,Fis-128093,4,1563.947,0.11432940446953056,am
NA,Fis-128093,5,3675.4002,0.1306615004907236,am
NA,Fis-128093,7,313761.4248,0.9972744238072859,am
NA,Fis-128094,2,5634.971100000001,0.12282623611764604,am
NA,Fis-128094,5,2247.9465,0.07991512399462523,am
NA,Fis-128094,7,285977.2456,0.9089638505100729,am
NA,Fis-131323,2,17717.1492,0.3861831254060493,am
NA,Fis-131323,3,3387.879,0.16713097404869912,am
NA,Fis-131323,4,5338.5127999999995,0.3902619392965146,am
NA,Fis-131323,5,11574.6918,0.41148351635440256,am
NA,Fis-131323,7,10431.0577,0.03315457616913541,am
44205,Fis-131445,2,1498.0626000000002,0.032653475476851115,am
44205,Fis-131445,7,2200.8574,0.006995311156768437,am
13462250,Fis-13152,1,3873.826,0.2209272916270635,am
13462250,Fis-13152,2,22792.4899,0.4968110211188949,am
13462250,Fis-13152,3,11902.9652,0.5871975262232709,am
13462250,Fis-13152,4,8300.1801,0.6067690579174669,am
13462250,Fis-13152,5,18234.5243,0.6482424160973168,am
13462250,Fis-13152,6,6480.0645,0.7943035883900939,am
13462250,Fis-13152,7,5117.5162,0.016265759957370805,am
13462250,Fis-13152,8,2280.3880000000004,0.7153780038489572,am
196058,Fis-131582,2,20622.5219,0.4495119316992995,am
196058,Fis-131582,3,3387.879,0.16713097404869912,am
196058,Fis-131582,4,5378.456999999999,0.3931819849233881,am
196058,Fis-131582,5,16508.334300000002,0.5868758809558968,am
196058,Fis-131582,7,154110.774,0.4898331062886761,am
196032,Fis-131623,1,5490.2861,0.31311526081210495,am
196032,Fis-131623,2,34144.802,0.7442589213354214,am
196032,Fis-131623,3,8001.773,0.39474376611637585,am
196032,Fis-131623,4,8338.0731,0.6095391544255736,am
196032,Fis-131623,5,16442.548300000002,0.5845371703384019,am
196032,Fis-131623,7,4994.0194,0.015873231780458845,am
196032,Fis-131623,8,113.544,0.03561976298288975,am
NA,Fis-131936,1,36.989200000000004,0.002109522672275879,am
NA,Fis-131936,2,19123.2301,0.416831663181853,am
NA,Fis-131936,4,39.9442,0.002920045626873432,am
NA,Fis-131936,5,5028.5497000000005,0.17876634198751418,am
NA,Fis-131936,7,308062.4311,0.9791604677590826,am
NA,Fis-132010,2,7000.801100000001,0.1525974195184916,am
NA,Fis-132010,5,2247.9465,0.07991512399462523,am
NA,Fis-132010,7,287974.4556,0.9153118789627157,am
NA,Fis-132018,2,11960.5006,0.2607046681713855,am
NA,Fis-132018,5,3176.0977000000003,0.11291115758962414,am
NA,Fis-132018,7,214738.2847,0.6825345062098195,am
NA,Fis-132037,1,3164.1086,0.18045155962397375,am
NA,Fis-132037,2,30650.1604,0.6680857401973409,am
NA,Fis-132037,3,8001.773,0.39474376611637585,am
NA,Fis-132037,4,4831.4896,0.3531969617056911,am
NA,Fis-132037,5,9943.3353,0.3534883385434814,am
NA,Fis-132037,7,6843.4794,0.021751644517239044,am
NA,Fis-132037,8,113.544,0.03561976298288975,am
NA,Fis-132060,1,17149.9918,0.9780772909780533,am
NA,Fis-132060,2,33024.8441,0.7198470457417341,am
NA,Fis-132060,3,17631.9058,0.8698178390340704,am
NA,Fis-132060,4,11296.0492,0.8257764348117406,am
NA,Fis-132060,5,17890.5327,0.6360134189360812,am
NA,Fis-132060,6,7860.243100000001,0.9634810425032768,am
NA,Fis-132060,7,2383.6401,0.007576276493538671,am
NA,Fis-132060,8,3055.63,0.9585783164535987,am
NA,Fis-132064,2,9511.1713,0.2073163022697984,am
NA,Fis-132064,3,58.043099999999995,0.002863384388818505,am
NA,Fis-132064,5,3890.532,0.13830949588215613,am
NA,Fis-132064,7,4971.7168,0.015802344122492023,am
NA,Fis-132076,2,15639.1225,0.3408880930831732,am
NA,Fis-132076,3,2013.7731,0.09934353018985281,am
NA,Fis-132076,4,1543.5601,0.11283905848211548,am
NA,Fis-132076,5,7335.7057,0.2607863801934695,am
NA,Fis-132076,7,29670.6245,0.09430654189278095,am
60469264,Fis-132165,7,20.1772,6.413218424435319e-5,am
NA,Fis-132167,7,161323.6286,0.5127587907312613,am
NA,Fis-132442,2,13954.7265,0.3041730829899327,am
NA,Fis-132442,3,2052.8877,0.10127313310587349,am
NA,Fis-132442,4,5338.5127999999995,0.3902619392965146,am
NA,Fis-132442,5,9536.6118,0.33902920487013644,am
NA,Fis-132442,7,8917.420900000001,0.028343560064986513,am
NA,Fis-132487,2,11960.5006,0.2607046681713855,am
NA,Fis-132487,5,3176.0977000000003,0.11291115758962414,am
NA,Fis-132487,7,300371.089,0.9547139356018184,am
NA,Fis-132490,2,10751.6598,0.23435539984426948,am
NA,Fis-132490,3,586.0902,0.02891302375509777,am
NA,Fis-132490,4,1563.947,0.11432940446953056,am
NA,Fis-132490,5,9583.6522,0.34070150418809475,am
NA,Fis-132490,7,313802.5904,0.9974052665329232,am
NA,Fis-132763,2,13954.7265,0.3041730829899327,am
NA,Fis-132763,3,58.043099999999995,0.002863384388818505,am
NA,Fis-132763,5,3890.532,0.13830949588215613,am
NA,Fis-132763,7,4971.7168,0.015802344122492023,am
NA,Fis-132808,2,16468.1652,0.358958850255612,am
NA,Fis-132808,3,3348.7644,0.1652013711326784,am
NA,Fis-132808,4,1543.5601,0.11283905848211548,am
NA,Fis-132808,5,6407.5545,0.2277903465984706,am
NA,Fis-132808,7,7008.8742,0.022277343315221812,am
NA,Fis-133346,7,84343.7349,0.26808218912751436,am
NA,Fis-133521,2,13954.7265,0.3041730829899327,am
NA,Fis-133521,3,58.043099999999995,0.002863384388818505,am
NA,Fis-133521,5,3890.532,0.13830949588215613,am
NA,Fis-133521,7,12287.7536,0.03905598783896746,am
NA,Fis-134163,2,7000.801100000001,0.1525974195184916,am
NA,Fis-134163,5,1650.8447999999999,0.05868799230225554,am
NA,Fis-134163,7,285619.5954,0.9078270778894204,am
NA,Fis-134188,2,2942.0009,0.06412719618060281,am
NA,Fis-134188,7,2708.1859,0.008607828494873395,am
NA,Fis-134197,2,9281.2346,0.20230434055693136,am
NA,Fis-134197,4,39.9442,0.002920045626873432,am
NA,Fis-134197,5,5028.5497000000005,0.17876634198751418,am
NA,Fis-134197,7,157168.8047,0.49955289834492217,am
NA,Fis-134463,2,18152.5612,0.39567386034885255,am
NA,Fis-134463,3,3387.879,0.16713097404869912,am
NA,Fis-134463,4,5338.5127999999995,0.3902619392965146,am
NA,Fis-134463,5,10485.5463,0.37276409056705034,am
NA,Fis-134463,7,31768.6011,0.10097485175993505,am
NA,Fis-134472,2,5634.971100000001,0.12282623611764604,am
NA,Fis-134472,5,2247.9465,0.07991512399462523,am
NA,Fis-134472,7,283980.0356,0.9026158220574301,am
NA,Fis-134593,2,18152.5612,0.39567386034885255,am
NA,Fis-134593,3,1921.0815,0.09477086469792338,am
NA,Fis-134593,4,1563.947,0.11432940446953056,am
NA,Fis-134593,5,7341.7434,0.26100102210961046,am
NA,Fis-134593,7,52317.198300000004,0.16628750275181697,am
190464,Fis-136019,1,17225.6878,0.9823942923784781,am
190464,Fis-136019,2,42972.212400000004,0.9366711937067498,am
190464,Fis-136019,3,19552.9873,0.9645887037319938,am
190464,Fis-136019,4,11296.0492,0.8257764348117406,am
190464,Fis-136019,5,24313.3547,0.864346529410644,am
190464,Fis-136019,6,7860.243100000001,0.9634810425032768,am
190464,Fis-136019,7,6843.4794,0.021751644517239044,am
190464,Fis-136019,8,3169.1740000000004,0.9941980794364884,am
194997,Fis-136946,1,17498.7148,0.9979652332651009,am
194997,Fis-136946,2,45877.585100000004,0.9999999999999999,am
194997,Fis-136946,3,20063.0681,0.9897520289120075,am
194997,Fis-136946,4,13621.2637,0.9957568683231813,am
194997,Fis-136946,5,28129.1749,1,am
194997,Fis-136946,6,8158.171,1,am
194997,Fis-136946,7,314618.9427,1,am
194997,Fis-136946,8,3187.6686000000004,1,am
NA,Fis-138067,2,3231.1908000000003,0.07043070800167292,am
NA,Fis-138067,5,576.3184000000001,0.02048827959045468,am
NA,Fis-138067,7,269409.5353,0.8563042421666621,am
NA,Fis-138079,2,20029.8505,0.43659339209639436,am
NA,Fis-138079,3,3387.879,0.16713097404869912,am
NA,Fis-138079,4,5378.456999999999,0.3931819849233881,am
NA,Fis-138079,5,18261.5111,0.6492018043515382,am
NA,Fis-138079,7,66358.2702,0.2109163219179555,am
NA,Fis-138121,2,11862.1458,0.25856081513758666,am
NA,Fis-138121,3,58.043099999999995,0.002863384388818505,am
NA,Fis-138121,4,39.9442,0.002920045626873432,am
NA,Fis-138121,5,7066.6297,0.2512206534717803,am
NA,Fis-138121,7,117335.6092,0.3729451513410098,am
NA,Fis-138122,2,11862.1458,0.25856081513758666,am
NA,Fis-138122,3,58.043099999999995,0.002863384388818505,am
NA,Fis-138122,4,1563.947,0.11432940446953056,am
NA,Fis-138122,5,7565.9322,0.26897099637287974,am
NA,Fis-138122,7,131801.2565,0.41892346140669934,am
NA,Fis-138158,2,8750.8422,0.1907433048388591,am
NA,Fis-138158,7,2878.5019,0.00914916907194857,am
NA,Fis-138174,7,51953.0502,0.1651300768928558,am
NA,Fis-138189,2,10913.6532,0.23788639215013954,am
NA,Fis-138189,5,2951.9089,0.10494118332635487,am
NA,Fis-138189,7,51849.3643,0.16480051663462664,am
165701,Fis-138631,1,36.989200000000004,0.002109522672275879,am
165701,Fis-138631,2,18934.654300000002,0.41272125066582893,am
165701,Fis-138631,3,5315.2275,0.26221100262595914,am
165701,Fis-138631,4,8338.0731,0.6095391544255736,am
165701,Fis-138631,5,12552.0163,0.4462276744562458,am
165701,Fis-138631,7,2383.6401,0.007576276493538671,am
NA,Fis-139317,2,12416.544,0.2706451085630486,am
NA,Fis-139317,3,586.0902,0.02891302375509777,am
NA,Fis-139317,4,1563.947,0.11432940446953056,am
NA,Fis-139317,5,9583.6522,0.34070150418809475,am
NA,Fis-139317,7,314051.3662,0.9981959875170605,am
NA,Fis-139428,2,14606.4826,0.31837949988348446,am
NA,Fis-139428,3,1921.0815,0.09477086469792338,am
NA,Fis-139428,4,1563.947,0.11432940446953056,am
NA,Fis-139428,5,7565.9322,0.26897099637287974,am
NA,Fis-139428,7,314051.3662,0.9981959875170605,am
42830260,Fis-139531,2,21352.2119,0.46541708447509367,am
42830260,Fis-139531,3,3387.879,0.16713097404869912,am
42830260,Fis-139531,4,5378.456999999999,0.3931819849233881,am
42830260,Fis-139531,5,16728.1551,0.5946905716029374,am
42830260,Fis-139531,7,314618.9427,1,am
NA,Fis-139548,2,10126.0128,0.22071808657600853,am
NA,Fis-139548,4,39.9442,0.002920045626873432,am
NA,Fis-139548,5,2578.996,0.09168402589725444,am
NA,Fis-139548,7,291722.1948,0.9272238737327624,am
NA,Fis-139596,7,20.1772,6.413218424435319e-5,am
NA,Fis-139602,1,12268.0822,0.6996582122955928,am
NA,Fis-139602,2,34923.3219,0.7612284261230654,am
NA,Fis-139602,3,19552.9873,0.9645887037319938,am
NA,Fis-139602,4,12859.9962,0.9401058392812711,am
NA,Fis-139602,5,22114.4801,0.7861759251246292,am
NA,Fis-139602,6,812.6551,0.09961241312544196,am
NA,Fis-139602,7,313336.7182,0.9959245158953361,am
NA,Fis-139602,8,3169.1740000000004,0.9941980794364884,am
60482562,Fis-139713,2,554.3982000000001,0.012084293425461926,am
60482562,Fis-139713,7,253280.32630000002,0.8050383874740547,am
190485,Fis-139729,1,9744.8935,0.5557588100625004,am
190485,Fis-139729,2,35635.1079,0.7767433229609986,am
190485,Fis-139729,3,19234.9173,0.9488976625479167,am
190485,Fis-139729,4,12427.2459,0.9084704423765099,am
190485,Fis-139729,5,27296.2963,0.9703909338627632,am
190485,Fis-139729,6,7213.7733,0.88423904083403,am
190485,Fis-139729,7,314618.9427,1,am
190485,Fis-139729,8,3113.0440000000003,0.9765895990568154,am
NA,Fis-141387,1,75.69600000000001,0.004317001400424852,am
NA,Fis-141387,2,24048.4037,0.5241863460681586,am
NA,Fis-141387,3,3348.7644,0.1652013711326784,am
NA,Fis-141387,4,1543.5601,0.11283905848211548,am
NA,Fis-141387,5,7356.4890000000005,0.26152523229538455,am
NA,Fis-141387,7,33767.7944,0.10732918402881658,am
NA,Fis-141387,8,113.544,0.03561976298288975,am
NA,Fis-142473,2,2942.0009,0.06412719618060281,am
NA,Fis-142473,7,2584.6891,0.008215300317961433,am
NA,Fis-143470,2,9229.2572,0.20117138205689905,am
NA,Fis-143470,7,4151.9769,0.01319684334442333,am
NA,Fis-143534,2,19298.6979,0.42065635882826796,am
NA,Fis-143534,3,3387.879,0.16713097404869912,am
NA,Fis-143534,4,5378.456999999999,0.3931819849233881,am
NA,Fis-143534,5,12712.7095,0.4519403624597606,am
NA,Fis-143534,7,150142.37960000001,0.4772197704038626,am
NA,Fis-143547,2,13954.7265,0.3041730829899327,am
NA,Fis-143547,3,2013.7731,0.09934353018985281,am
NA,Fis-143547,4,1956.5665,0.14303111470531532,am
NA,Fis-143547,5,7905.255300000001,0.2810340270592153,am
NA,Fis-143547,7,6804.3648,0.021627320788780973,am
NA,Fis-143552,2,19298.6979,0.42065635882826796,am
NA,Fis-143552,3,3387.879,0.16713097404869912,am
NA,Fis-143552,4,5378.456999999999,0.3931819849233881,am
NA,Fis-143552,5,12712.7095,0.4519403624597606,am
NA,Fis-143552,7,148292.9196,0.4713413576670824,am
NA,Fis-143556,2,15639.1225,0.3408880930831732,am
NA,Fis-143556,3,58.043099999999995,0.002863384388818505,am
NA,Fis-143556,5,1852.4520000000002,0.06585518439789004,am
NA,Fis-143556,7,19543.8147,0.062119001902042816,am
NA,Fis-143560,2,18152.5612,0.39567386034885255,am
NA,Fis-143560,3,3387.879,0.16713097404869912,am
NA,Fis-143560,4,5338.5127999999995,0.3902619392965146,am
NA,Fis-143560,5,10485.5463,0.37276409056705034,am
NA,Fis-143560,7,32478.573800000002,0.10323146318297001,am
NA,Fis-143735,1,5453.2969,0.31100573813982907,am
NA,Fis-143735,2,35237.7039,0.7680810535949504,am
NA,Fis-143735,3,8001.773,0.39474376611637585,am
NA,Fis-143735,4,7374.5502,0.5391026247031757,am
NA,Fis-143735,5,14750.7895,0.5243946739440267,am
NA,Fis-143735,7,244950.0712,0.7785611034665777,am
NA,Fis-143735,8,113.544,0.03561976298288975,am
155009,Fis-143777,1,1609.06,0.09176593576103904,am
155009,Fis-143777,2,21352.2119,0.46541708447509367,am
155009,Fis-143777,3,5322.649,0.2625771203426493,am
155009,Fis-143777,4,5813.2958,0.4249700576932743,am
155009,Fis-143777,5,18940.3041,0.6733330845050844,am
155009,Fis-143777,7,314618.9427,1,am
155009,Fis-143777,8,224.51999999999998,0.07043392151869236,am
60469615,Fis-143859,2,20622.5219,0.4495119316992995,am
60469615,Fis-143859,3,3348.7644,0.1652013711326784,am
60469615,Fis-143859,4,3520.5135,0.2573605191748459,am
60469615,Fis-143859,5,12712.7095,0.4519403624597606,am
60469615,Fis-143859,7,314579.8281,0.999875676271542,am
NA,Fis-143865,2,19373.5379,0.4222876565488622,am
NA,Fis-143865,3,1921.0815,0.09477086469792338,am
NA,Fis-143865,4,1563.947,0.11432940446953056,am
NA,Fis-143865,5,9583.6522,0.34070150418809475,am
NA,Fis-143865,7,314051.3662,0.9981959875170605,am
NA,Fis-143868,2,20622.5219,0.4495119316992995,am
NA,Fis-143868,3,3348.7644,0.1652013711326784,am
NA,Fis-143868,4,1583.5043,0.1157591041089889,am
NA,Fis-143868,5,9583.6522,0.34070150418809475,am
NA,Fis-143868,7,314559.856,0.9998121959870154,am
NA,Fis-143917,1,1684.7559999999999,0.09608293716146389,am
NA,Fis-143917,2,25026.8493,0.5455136586951695,am
NA,Fis-143917,3,6088.113,0.3003390191351426,am
NA,Fis-143917,4,5773.3516,0.42205001206640086,am
NA,Fis-143917,5,14438.9004,0.5133069295964312,am
NA,Fis-143917,7,6944.4641,0.02207261915129435,am
NA,Fis-143917,8,338.06399999999996,0.10605368450158212,am
NA,Fis-144041,2,8750.8422,0.1907433048388591,am
NA,Fis-144041,7,2878.5019,0.00914916907194857,am
NA,Fis-144053,1,17516.7743,0.9989951805118639,am
NA,Fis-144053,2,42972.212400000004,0.9366711937067498,am
NA,Fis-144053,3,20063.0681,0.9897520289120075,am
NA,Fis-144053,4,12115.3598,0.8856705955304693,am
NA,Fis-144053,5,18439.0799,0.6555144246339056,am
NA,Fis-144053,6,592.962,0.07268320313462416,am
NA,Fis-144053,7,6966.9762,0.022144172694151004,am
NA,Fis-144053,8,3187.6686000000004,1,am
NA,Fis-144084,1,15850.7283,0.9039792891150632,am
NA,Fis-144084,2,31198.594100000002,0.6800400246001614,am
NA,Fis-144084,3,17130.5106,0.845082992199416,am
NA,Fis-144084,4,12115.3598,0.8856705955304693,am
NA,Fis-144084,5,11481.1051,0.40815648311106345,am
NA,Fis-144084,6,592.962,0.07268320313462416,am
NA,Fis-144084,7,2383.6401,0.007576276493538671,am
NA,Fis-144084,8,1825.1406000000002,0.572562844205323,am
NA,Fis-144103,7,26286.2618,0.08354952049109407,am
NA,Fis-144113,2,9107.105300000001,0.1985088203781676,am
NA,Fis-144113,5,3176.0977000000003,0.11291115758962414,am
NA,Fis-144113,7,224770.8275,0.7144224234277169,am
NA,Fis-144121,1,3275.1059999999998,0.1867818271578397,am
NA,Fis-144121,2,24145.3492,0.5262994803970185,am
NA,Fis-144121,3,11902.9652,0.5871975262232709,am
NA,Fis-144121,4,6743.6952,0.4929851562361332,am
NA,Fis-144121,5,14526.6007,0.5164246996807574,am
NA,Fis-144121,7,65926.5781,0.20954421095637354,am
NA,Fis-144121,8,1681.6680000000001,0.5275542131324442,am
NA,Fis-144234,2,13142.2161,0.28646268262276076,am
NA,Fis-144234,3,2013.7731,0.09934353018985281,am
NA,Fis-144234,4,3520.5135,0.2573605191748459,am
NA,Fis-144234,5,11356.4667,0.4037255532866696,am
NA,Fis-144234,7,38035.6838,0.12089444924576055,am
NA,Fis-144237,2,16468.1652,0.358958850255612,am
NA,Fis-144237,3,1921.0815,0.09477086469792338,am
NA,Fis-144237,4,1524.0028,0.11140935884265714,am
NA,Fis-144237,5,6407.5545,0.2277903465984706,am
NA,Fis-144237,7,8349.8444,0.026539547582047098,am
NA,Fis-144240,2,5634.971100000001,0.12282623611764604,am
NA,Fis-144240,7,200144.8546,0.6361500451383978,am
NA,Fis-144330,1,17429.1284,0.9939966670759954,am
NA,Fis-144330,2,44656.6084,0.9733862037999903,am
NA,Fis-144330,3,19704.1541,0.9720460699861678,am
NA,Fis-144330,4,12955.4859,0.9470864342336411,am
NA,Fis-144330,5,20401.8869,0.7252927600091107,am
NA,Fis-144330,6,592.962,0.07268320313462416,am
NA,Fis-144330,7,33826.8811,0.10751698804180108,am
NA,Fis-144330,8,3187.6686000000004,1,am
NA,Fis-144485,7,2392.075,0.0076030863859361635,am
NA,Fis-144500,7,9360.8232,0.029752891290229358,am
NA,Fis-144517,7,7296.2602,0.02319078481856458,am
NA,Fis-144631,2,10599.5781,0.2310404542195487,am
NA,Fis-144631,4,39.9442,0.002920045626873432,am
NA,Fis-144631,5,3176.0977000000003,0.11291115758962414,am
NA,Fis-144631,7,306065.5355,0.9728134386105417,am
NA,Fis-144634,2,5634.971100000001,0.12282623611764604,am
NA,Fis-144634,5,2247.9465,0.07991512399462523,am
NA,Fis-144634,7,285977.2456,0.9089638505100729,am
NA,Fis-145111,7,1849.46,0.0058784127367802,am
NA,Fis-14540,1,17225.6878,0.9823942923784781,am
NA,Fis-14540,2,41528.2741,0.9051974730029981,am
NA,Fis-14540,3,19552.9873,0.9645887037319938,am
NA,Fis-14540,4,11296.0492,0.8257764348117406,am
NA,Fis-14540,5,24313.3547,0.864346529410644,am
NA,Fis-14540,6,7860.243100000001,0.9634810425032768,am
NA,Fis-14540,7,4610.1877,0.014653242619265849,am
NA,Fis-14540,8,3169.1740000000004,0.9941980794364884,am
NA,Fis-145426,2,8319.1446,0.18133353318110895,am
NA,Fis-145426,5,2247.9465,0.07991512399462523,am
NA,Fis-145426,7,287974.4556,0.9153118789627157,am
NA,Fis-145427,7,93612.15610000001,0.29754138545072417,am
155305,Fis-145428,2,16860.0992,0.36750188928318284,am
155305,Fis-145428,3,2013.7731,0.09934353018985281,am
155305,Fis-145428,4,3520.5135,0.2573605191748459,am
155305,Fis-145428,5,11580.6555,0.4116955275499389,am
155305,Fis-145428,7,314579.8281,0.999875676271542,am
NA,Fis-145434,2,5634.971100000001,0.12282623611764604,am
NA,Fis-145434,5,2247.9465,0.07991512399462523,am
NA,Fis-145434,7,285100.45040000003,0.906177002418615,am
NA,Fis-146042,2,8224.9982,0.1792814112179588,am
NA,Fis-146042,3,528.0471,0.026049639366279263,am
NA,Fis-146042,4,199.721,0.01460022813436716,am
NA,Fis-146042,5,6407.5545,0.2277903465984706,am
NA,Fis-146042,7,6872.1927000000005,0.021842908252834834,am
NA,Fis-146046,2,8405.9109,0.18322479009471662,am
NA,Fis-146046,5,2023.7577000000001,0.07194514973135596,am
NA,Fis-146046,7,81512.2717,0.25908253012510046,am
NA,Fis-146367,2,14168.6973,0.30883703379583505,am
NA,Fis-146367,5,2801.3865,0.09959007009480396,am
NA,Fis-146367,7,21741.1353,0.06910307152335364,am
NA,Fis-147612,7,1849.46,0.0058784127367802,am
NA,Fis-147633,1,1835.6986000000002,0.10469131033288337,am
NA,Fis-147633,2,33465.018000000004,0.7294415764704232,am
NA,Fis-147633,3,2932.5575,0.14466903671259154,am
NA,Fis-147633,4,1563.947,0.11432940446953056,am
NA,Fis-147633,5,7565.9322,0.26897099637287974,am
NA,Fis-147633,7,314051.3662,0.9981959875170605,am
NA,Fis-147633,8,1362.5280000000002,0.42743715579467706,am
NA,Fis-147731,2,21352.2119,0.46541708447509367,am
NA,Fis-147731,3,3387.879,0.16713097404869912,am
NA,Fis-147731,4,5813.2958,0.4249700576932743,am
NA,Fis-147731,5,18940.3041,0.6733330845050844,am
NA,Fis-147731,7,314618.9427,1,am
NA,Fis-147788,1,17225.6878,0.9823942923784781,am
NA,Fis-147788,2,42972.212400000004,0.9366711937067498,am
NA,Fis-147788,3,19552.9873,0.9645887037319938,am
NA,Fis-147788,4,11296.0492,0.8257764348117406,am
NA,Fis-147788,5,24313.3547,0.864346529410644,am
NA,Fis-147788,6,6730.3199,0.8249790179686108,am
NA,Fis-147788,7,6966.9762,0.022144172694151004,am
NA,Fis-147788,8,3169.1740000000004,0.9941980794364884,am
NA,Fis-147792,1,36.989200000000004,0.002109522672275879,am
NA,Fis-147792,2,19919.3314,0.4341843921510158,am
NA,Fis-147792,5,1852.4520000000002,0.06585518439789004,am
NA,Fis-147792,7,4565.4151,0.014510935231109972,am
NA,Fis-148363,1,15297.431700000001,0.8724243562645783,am
NA,Fis-148363,2,45877.585100000004,0.9999999999999999,am
NA,Fis-148363,3,19676.114100000003,0.9706627996532174,am
NA,Fis-148363,4,8806.28,0.6437665393980344,am
NA,Fis-148363,5,14750.7895,0.5243946739440267,am
NA,Fis-148363,7,314618.9427,1,am
NA,Fis-148363,8,3187.6686000000004,1,am
NA,Fis-148816,1,36.989200000000004,0.002109522672275879,am
NA,Fis-148816,2,23263.2326,0.5070718641640097,am
NA,Fis-148816,3,58.043099999999995,0.002863384388818505,am
NA,Fis-148816,5,1852.4520000000002,0.06585518439789004,am
NA,Fis-148816,7,4971.7168,0.015802344122492023,am
NA,Fis-149263,1,75.69600000000001,0.004317001400424852,am
NA,Fis-149263,2,19420.3092,0.42330713697482736,am
NA,Fis-149263,3,1921.0815,0.09477086469792338,am
NA,Fis-149263,5,3890.532,0.13830949588215613,am
NA,Fis-149263,7,6399.3997,0.020340160211211593,am
NA,Fis-149263,8,113.544,0.03561976298288975,am
NA,Fis-14939,1,17516.7743,0.9989951805118639,am
NA,Fis-14939,2,40057.8489,0.8731464137156599,am
NA,Fis-14939,3,20005.025,0.986888644523189,am
NA,Fis-14939,4,12115.3598,0.8856705955304693,am
NA,Fis-14939,5,22415.6947,0.7968841880250103,am
NA,Fis-14939,6,8158.171,1,am
NA,Fis-14939,7,6053.3460000000005,0.019240246464663997,am
NA,Fis-14939,8,3187.6686000000004,1,am
NA,Fis-149460,2,184.50619999999998,0.004021706887967823,am
NA,Fis-149460,7,245954.8283,0.7817546718238335,am
155320,Fis-149461,7,44722.4501,0.1421479892984206,am
NA,Fis-149472,1,1609.06,0.09176593576103904,am
NA,Fis-149472,2,21352.2119,0.46541708447509367,am
NA,Fis-149472,3,5322.649,0.2625771203426493,am
NA,Fis-149472,4,5813.2958,0.4249700576932743,am
NA,Fis-149472,5,18940.3041,0.6733330845050844,am
NA,Fis-149472,7,314618.9427,1,am
NA,Fis-149472,8,224.51999999999998,0.07043392151869236,am
NA,Fis-149478,2,12416.544,0.2706451085630486,am
NA,Fis-149478,3,586.0902,0.02891302375509777,am
NA,Fis-149478,4,1563.947,0.11432940446953056,am
NA,Fis-149478,5,9583.6522,0.34070150418809475,am
NA,Fis-149478,7,314051.3662,0.9981959875170605,am
NA,Fis-149527,2,15639.1225,0.3408880930831732,am
NA,Fis-149527,3,586.0902,0.02891302375509777,am
NA,Fis-149527,4,1524.0028,0.11140935884265714,am
NA,Fis-149527,5,7335.7057,0.2607863801934695,am
NA,Fis-149527,7,27103.8547,0.08614819714096,am
NA,Fis-149572,2,10163.7421,0.22154047729072818,am
NA,Fis-149572,5,2227.1632,0.07917627189271022,am
NA,Fis-149572,7,291082.0298,0.9251891424654514,am
NA,Fis-14977,1,17516.7743,0.9989951805118639,am
NA,Fis-14977,2,37241.4428,0.8117568245761915,am
NA,Fis-14977,3,19476.9779,0.9608390051569098,am
NA,Fis-14977,4,12115.3598,0.8856705955304693,am
NA,Fis-14977,5,20563.242700000003,0.7310290036271202,am
NA,Fis-14977,6,8158.171,1,am
NA,Fis-14977,7,2383.6401,0.007576276493538671,am
NA,Fis-14977,8,3187.6686000000004,1,am
NA,Fis-149783,1,3275.1059999999998,0.1867818271578397,am
NA,Fis-149783,2,30770.4238,0.670707137983163,am
NA,Fis-149783,3,6088.113,0.3003390191351426,am
NA,Fis-149783,4,5338.5127999999995,0.3902619392965146,am
NA,Fis-149783,5,9536.6118,0.33902920487013644,am
NA,Fis-149783,7,12280.5177,0.03903298890591561,am
NA,Fis-149783,8,338.06399999999996,0.10605368450158212,am
NA,Fis-149809,1,75.69600000000001,0.004317001400424852,am
NA,Fis-149809,2,22325.6819,0.4866359432680775,am
NA,Fis-149809,3,1921.0815,0.09477086469792338,am
NA,Fis-149809,4,1563.947,0.11432940446953056,am
NA,Fis-149809,5,9583.6522,0.34070150418809475,am
NA,Fis-149809,7,311279.1589,0.98938467032106,am
NA,Fis-149809,8,113.544,0.03561976298288975,am
60483137,Fis-150167,1,17225.6878,0.9823942923784781,am
60483137,Fis-150167,2,45877.585100000004,0.9999999999999999,am
60483137,Fis-150167,3,19552.9873,0.9645887037319938,am
60483137,Fis-150167,4,12859.9962,0.9401058392812711,am
60483137,Fis-150167,5,27474.1849,0.976714923124176,am
60483137,Fis-150167,6,6568.9023,0.8051930144636585,am
60483137,Fis-150167,7,314618.9427,1,am
60483137,Fis-150167,8,3169.1740000000004,0.9941980794364884,am
NA,Fis-150528,1,8403.5858,0.4792629949692242,am
NA,Fis-150528,2,35856.219900000004,0.781562931480454,am
NA,Fis-150528,3,16118.0064,0.7951340969837372,am
NA,Fis-150528,4,464.5544,0.0339603758284009,am
NA,Fis-150528,5,3870.1720000000005,0.13758569221310504,am
NA,Fis-150528,7,4215.179,0.013397727942971692,am
NA,Fis-150528,8,2345.934,0.7359403672012831,am
NA,Fis-152016,2,1733.1282,0.0377772325248218,am
NA,Fis-152016,5,576.3184000000001,0.02048827959045468,am
NA,Fis-152016,7,259323.9479,0.8242477254374169,am
NA,Fis-153539,1,17516.7743,0.9989951805118639,am
NA,Fis-153539,2,42972.212400000004,0.9366711937067498,am
NA,Fis-153539,3,20063.0681,0.9897520289120075,am
NA,Fis-153539,4,12115.3598,0.8856705955304693,am
NA,Fis-153539,5,24453.7747,0.8693384995092764,am
NA,Fis-153539,6,8158.171,1,am
NA,Fis-153539,7,6843.4794,0.021751644517239044,am
NA,Fis-153539,8,3187.6686000000004,1,am
NA,Fis-154605,1,15559.641800000001,0.8873784009816774,am
NA,Fis-154605,2,26708.0963,0.5821600296045224,am
NA,Fis-154605,3,16620.4298,0.8199196670194022,am
NA,Fis-154605,4,11199.3107,0.8187045486837096,am
NA,Fis-154605,5,16840.8099,0.5986954811106102,am
NA,Fis-154605,6,5116.1439,0.6271189829190881,am
NA,Fis-154605,7,2213.3241000000003,0.007034935916463494,am
NA,Fis-154605,8,1806.6460000000002,0.5667609236418114,am
NA,Fis-154822,2,5450.4649,0.11880452922967821,am
NA,Fis-154822,5,800.5072000000001,0.02845825385372395,am
NA,Fis-154822,7,61292.2734,0.19481431370279664,am
NA,Fis-155578,1,17516.7743,0.9989951805118639,am
NA,Fis-155578,2,38559.7863,0.8404929382388089,am
NA,Fis-155578,3,19476.9779,0.9608390051569098,am
NA,Fis-155578,4,12115.3598,0.8856705955304693,am
NA,Fis-155578,5,22415.6947,0.7968841880250103,am
NA,Fis-155578,6,8158.171,1,am
NA,Fis-155578,7,2424.8057,0.007707119219175992,am
NA,Fis-155578,8,3187.6686000000004,1,am
NA,Fis-156254,1,17516.7743,0.9989951805118639,am
NA,Fis-156254,2,38559.7863,0.8404929382388089,am
NA,Fis-156254,3,19476.9779,0.9608390051569098,am
NA,Fis-156254,4,12115.3598,0.8856705955304693,am
NA,Fis-156254,5,22415.6947,0.7968841880250103,am
NA,Fis-156254,6,8158.171,1,am
NA,Fis-156254,7,4274.2657,0.01358553195595619,am
NA,Fis-156254,8,3187.6686000000004,1,am
NA,Fis-156400,2,11960.5006,0.2607046681713855,am
NA,Fis-156400,5,3176.0977000000003,0.11291115758962414,am
NA,Fis-156400,7,302347.629,0.9609962655309628,am
NA,Fis-158070,7,1849.46,0.0058784127367802,am
NA,Fis-158249,2,5450.4649,0.11880452922967821,am
NA,Fis-158249,5,2023.7577000000001,0.07194514973135596,am
NA,Fis-158249,7,75497.2057,0.2399639546560589,am
NA,Fis-159261,7,5548.38,0.0176352382103406,am
NA,Fis-160414,1,17225.6878,0.9823942923784781,am
NA,Fis-160414,2,42972.212400000004,0.9366711937067498,am
NA,Fis-160414,3,19552.9873,0.9645887037319938,am
NA,Fis-160414,4,11296.0492,0.8257764348117406,am
NA,Fis-160414,5,18953.6499,0.6738075314110973,am
NA,Fis-160414,6,118.5924,0.014536640626924833,am
NA,Fis-160414,7,6966.9762,0.022144172694151004,am
NA,Fis-160414,8,3169.1740000000004,0.9941980794364884,am
NA,Fis-162475,1,14234.5054,0.8118048476294006,am
NA,Fis-162475,2,40008.2465,0.8720652234156064,am
NA,Fis-162475,3,19166.0333,0.9454994744732038,am
NA,Fis-162475,4,7010.1606,0.5124646082212294,am
NA,Fis-162475,5,11075.3893,0.3937331734533031,am
NA,Fis-162475,7,6966.9762,0.022144172694151004,am
NA,Fis-162475,8,3169.1740000000004,0.9941980794364884,am
NA,Fis-163753,1,374.6252,0.021365164777986157,am
NA,Fis-163753,2,32707.6019,0.7129320740990789,am
NA,Fis-163753,3,58.043099999999995,0.002863384388818505,am
NA,Fis-163753,4,39.9442,0.002920045626873432,am
NA,Fis-163753,5,7066.6297,0.2512206534717803,am
NA,Fis-163753,7,308281.1636,0.9798556976715693,am
NA,Fis-163753,8,113.544,0.03561976298288975,am
NA,Fis-163771,2,7224.587100000001,0.1574753135818389,am
NA,Fis-163771,5,2247.9465,0.07991512399462523,am
NA,Fis-163771,7,285270.7664,0.9067183429956902,am
NA,Fis-163919,2,7215.7904,0.15728357070825855,am
NA,Fis-163919,7,2755.0051,0.00875664089503661,am
NA,Fis-164265,7,1849.46,0.0058784127367802,am
NA,Fis-164375,2,9511.1713,0.2073163022697984,am
NA,Fis-164375,3,2013.7731,0.09934353018985281,am
NA,Fis-164375,4,19.5573,0.0014296996394583387,am
NA,Fis-164375,5,5908.252,0.21004000369737114,am
NA,Fis-164375,7,6907.8895,0.021956368681166506,am
NA,Fis-167420,1,16347.492100000001,0.9323101126761546,am
NA,Fis-167420,2,42913.6192,0.9353940297088567,am
NA,Fis-167420,3,19234.9173,0.9488976625479167,am
NA,Fis-167420,4,12545.8383,0.917139916768297,am
NA,Fis-167420,5,27296.2963,0.9703909338627632,am
NA,Fis-167420,6,7213.7733,0.88423904083403,am
NA,Fis-167420,7,270170.6581,0.858723431531003,am
NA,Fis-167420,8,3113.0440000000003,0.9765895990568154,am
60482374,Fis-168166,2,13734.8875,0.29938122222566593,am
60482374,Fis-168166,3,586.0902,0.02891302375509777,am
60482374,Fis-168166,4,1563.947,0.11432940446953056,am
60482374,Fis-168166,5,7565.9322,0.26897099637287974,am
60482374,Fis-168166,7,314051.3662,0.9981959875170605,am
NA,Fis-168350,2,8750.8422,0.1907433048388591,am
NA,Fis-168350,7,2878.5019,0.00914916907194857,am
NA,Fis-169054,1,8912.6365,0.5082945499362932,am
NA,Fis-169054,2,32729.7352,0.7134145166677485,am
NA,Fis-169054,3,18847.9633,0.9298084332891268,am
NA,Fis-169054,4,8534.1634,0.6238739670638865,am
NA,Fis-169054,5,11574.6918,0.41148351635440256,am
NA,Fis-169054,7,12280.5177,0.03903298890591561,am
NA,Fis-169054,8,3113.0440000000003,0.9765895990568154,am
NA,Fis-17283,1,14146.7798,0.8068017888409162,am
NA,Fis-17283,2,36278.0882,0.7907584525411299,am
NA,Fis-17283,3,16269.173200000001,0.8025914632379112,am
NA,Fis-17283,4,3397.5187,0.24836921560966818,am
NA,Fis-17283,5,2037.4854,0.07243317328870531,am
NA,Fis-17283,7,2324.5534000000002,0.007388472480554172,am
NA,Fis-17283,8,2588.9486,0.812176209283487,am
161731,Fis-20033,2,7487.7616,0.1632117641693394,am
161731,Fis-20033,3,14943.2283,0.7371798996395934,am
161731,Fis-20033,4,13679.3068,1,am
161731,Fis-20033,5,27614.604900000002,0.9817068932228084,am
161731,Fis-20033,6,8158.171,1,am
161731,Fis-20033,7,238394.20620000002,0.7577236264102416,am
170331,Fis-22735,1,5490.2861,0.31311526081210495,am
170331,Fis-22735,2,37447.5787,0.8162499969947197,am
170331,Fis-22735,3,13666.2962,0.6741862373313909,am
170331,Fis-22735,4,7954.9812,0.5815339414713616,am
170331,Fis-22735,5,14750.7895,0.5243946739440267,am
170331,Fis-22735,7,314618.9427,1,am
170331,Fis-22735,8,1362.5280000000002,0.42743715579467706,am
170355,Fis-22738,3,1994.8446000000001,0.09840974871705499,am
170355,Fis-22738,4,6453.278899999999,0.4717548187456399,am
170355,Fis-22738,5,24180.1644,0.8596115771600539,am
170355,Fis-22738,6,4323.4609,0.5299546797928114,am
170355,Fis-22738,7,4110.3665,0.01306458684504377,am
170344,Fis-22739,2,5527.3844,0.12048115409631707,am
170344,Fis-22739,3,2975.6665000000003,0.14679569151940886,am
170344,Fis-22739,4,11523.7561,0.8424225195387824,am
170344,Fis-22739,5,24812.6572,0.8820968723117435,am
170344,Fis-22739,6,7698.8255,0.9436950389983245,am
170344,Fis-22739,7,6162.4158,0.019586919169949903,am
21857,Fis-22833,3,1955.73,0.09648014580103431,am
21857,Fis-22833,4,3520.5135,0.2573605191748459,am
21857,Fis-22833,5,26982.112100000002,0.9592215980711186,am
21857,Fis-22833,6,4038.1297,0.49497978162016953,am
21857,Fis-22833,7,150581.8605,0.4786166376624849,am
NA,Fis-22864,1,17498.7148,0.9979652332651009,am
NA,Fis-22864,2,45877.585100000004,0.9999999999999999,am
NA,Fis-22864,3,20063.0681,0.9897520289120075,am
NA,Fis-22864,4,13621.2637,0.9957568683231813,am
NA,Fis-22864,5,25963.7601,0.9230189009205527,am
NA,Fis-22864,6,4631.0917,0.5676629847547937,am
NA,Fis-22864,7,314618.9427,1,am
NA,Fis-22864,8,3187.6686000000004,1,am
NA,Fis-22874,1,6188.5841,0.3529397356048796,am
NA,Fis-22874,2,32791.1582,0.7147533622034521,am
NA,Fis-22874,3,14684.3663,0.724409709734879,am
NA,Fis-22874,4,367.8159,0.026888489700369906,am
NA,Fis-22874,5,3870.1720000000005,0.13758569221310504,am
NA,Fis-22874,7,5994.2593,0.0190524424516795,am
NA,Fis-22874,8,2213.6786,0.6944506715660468,am
NA,Fis-22880,1,17516.7743,0.9989951805118639,am
NA,Fis-22880,2,38559.7863,0.8404929382388089,am
NA,Fis-22880,3,19476.9779,0.9608390051569098,am
NA,Fis-22880,4,12115.3598,0.8856705955304693,am
NA,Fis-22880,5,22415.6947,0.7968841880250103,am
NA,Fis-22880,6,8158.171,1,am
NA,Fis-22880,7,2424.8057,0.007707119219175992,am
NA,Fis-22880,8,3187.6686000000004,1,am
155030,Fis-22897,1,17225.6878,0.9823942923784781,am
155030,Fis-22897,2,42972.212400000004,0.9366711937067498,am
155030,Fis-22897,3,19552.9873,0.9645887037319938,am
155030,Fis-22897,4,11296.0492,0.8257764348117406,am
155030,Fis-22897,5,24313.3547,0.864346529410644,am
155030,Fis-22897,6,7698.8255,0.9436950389983245,am
155030,Fis-22897,7,6966.9762,0.022144172694151004,am
155030,Fis-22897,8,3169.1740000000004,0.9941980794364884,am
NA,Fis-22900,1,17498.7148,0.9979652332651009,am
NA,Fis-22900,2,45877.585100000004,0.9999999999999999,am
NA,Fis-22900,3,20063.0681,0.9897520289120075,am
NA,Fis-22900,4,12995.4301,0.9500064798605146,am
NA,Fis-22900,5,28049.286500000002,0.9971599451358241,am
NA,Fis-22900,6,7860.243100000001,0.9634810425032768,am
NA,Fis-22900,7,314618.9427,1,am
NA,Fis-22900,8,3187.6686000000004,1,am
183411,Fis-22908,3,1994.8446000000001,0.09840974871705499,am
183411,Fis-22908,4,10593.8091,0.774440492847196,am
183411,Fis-22908,5,27968.3741,0.994283486786525,am
183411,Fis-22908,6,6349.2092,0.7782638044728408,am
183411,Fis-22908,7,71975.16100000001,0.22876931815459947,am
NA,Fis-22915,1,17498.7148,0.9979652332651009,am
NA,Fis-22915,2,40057.8489,0.8731464137156599,am
NA,Fis-22915,3,20005.025,0.986888644523189,am
NA,Fis-22915,4,12057.3167,0.8814274638536508,am
NA,Fis-22915,5,22415.6947,0.7968841880250103,am
NA,Fis-22915,6,6866.8302,0.8417119719603818,am
NA,Fis-22915,7,6053.3460000000005,0.019240246464663997,am
NA,Fis-22915,8,3187.6686000000004,1,am
NA,Fis-22916,1,17516.7743,0.9989951805118639,am
NA,Fis-22916,2,40057.8489,0.8731464137156599,am
NA,Fis-22916,3,20005.025,0.986888644523189,am
NA,Fis-22916,4,12115.3598,0.8856705955304693,am
NA,Fis-22916,5,22415.6947,0.7968841880250103,am
NA,Fis-22916,6,6730.3199,0.8249790179686108,am
NA,Fis-22916,7,6053.3460000000005,0.019240246464663997,am
NA,Fis-22916,8,3187.6686000000004,1,am
NA,Fis-22917,1,17516.7743,0.9989951805118639,am
NA,Fis-22917,2,40057.8489,0.8731464137156599,am
NA,Fis-22917,3,20005.025,0.986888644523189,am
NA,Fis-22917,4,12115.3598,0.8856705955304693,am
NA,Fis-22917,5,22415.6947,0.7968841880250103,am
NA,Fis-22917,6,6750.0853,0.8274017914064317,am
NA,Fis-22917,7,6053.3460000000005,0.019240246464663997,am
NA,Fis-22917,8,3187.6686000000004,1,am
NA,Fis-22919,1,17498.7148,0.9979652332651009,am
NA,Fis-22919,2,38559.7863,0.8404929382388089,am
NA,Fis-22919,3,19476.9779,0.9608390051569098,am
NA,Fis-22919,4,12057.3167,0.8814274638536508,am
NA,Fis-22919,5,22415.6947,0.7968841880250103,am
NA,Fis-22919,6,8158.171,1,am
NA,Fis-22919,7,4274.2657,0.01358553195595619,am
NA,Fis-22919,8,3187.6686000000004,1,am
135301,Fis-22920,1,17498.7148,0.9979652332651009,am
135301,Fis-22920,2,40057.8489,0.8731464137156599,am
135301,Fis-22920,3,20005.025,0.986888644523189,am
135301,Fis-22920,4,12057.3167,0.8814274638536508,am
135301,Fis-22920,5,22415.6947,0.7968841880250103,am
135301,Fis-22920,6,7028.2478,0.861497975465334,am
135301,Fis-22920,7,6053.3460000000005,0.019240246464663997,am
135301,Fis-22920,8,3187.6686000000004,1,am
NA,Fis-22921,1,17516.7743,0.9989951805118639,am
NA,Fis-22921,2,40057.8489,0.8731464137156599,am
NA,Fis-22921,3,20005.025,0.986888644523189,am
NA,Fis-22921,4,12115.3598,0.8856705955304693,am
NA,Fis-22921,5,24453.7747,0.8693384995092764,am
NA,Fis-22921,6,6730.3199,0.8249790179686108,am
NA,Fis-22921,7,6053.3460000000005,0.019240246464663997,am
NA,Fis-22921,8,3187.6686000000004,1,am
202413,Fis-22922,1,17516.7743,0.9989951805118639,am
202413,Fis-22922,2,45877.585100000004,0.9999999999999999,am
202413,Fis-22922,3,20063.0681,0.9897520289120075,am
202413,Fis-22922,4,13679.3068,1,am
202413,Fis-22922,5,28049.286500000002,0.9971599451358241,am
202413,Fis-22922,6,4631.0917,0.5676629847547937,am
202413,Fis-22922,7,314618.9427,1,am
202413,Fis-22922,8,3187.6686000000004,1,am
202415,Fis-22963,1,17516.7743,0.9989951805118639,am
202415,Fis-22963,2,40057.8489,0.8731464137156599,am
202415,Fis-22963,3,20005.025,0.986888644523189,am
202415,Fis-22963,4,12115.3598,0.8856705955304693,am
202415,Fis-22963,5,21901.1247,0.7785910812478186,am
202415,Fis-22963,6,6730.3199,0.8249790179686108,am
202415,Fis-22963,7,6053.3460000000005,0.019240246464663997,am
202415,Fis-22963,8,3187.6686000000004,1,am
NA,Fis-22964,1,17410.6338,0.9929419057398575,am
NA,Fis-22964,2,44656.6084,0.9733862037999903,am
NA,Fis-22964,3,19704.1541,0.9720460699861678,am
NA,Fis-22964,4,12820.052,0.9371857936543977,am
NA,Fis-22964,5,25761.5917,0.9158317580086573,am
NA,Fis-22964,6,6730.3199,0.8249790179686108,am
NA,Fis-22964,7,29792.0611,0.09469252183079058,am
NA,Fis-22964,8,3187.6686000000004,1,am
183729,Fis-22970,1,17447.1879,0.9950266143227584,am
183729,Fis-22970,2,45877.585100000004,0.9999999999999999,am
183729,Fis-22970,3,20063.0681,0.9897520289120075,am
183729,Fis-22970,4,13679.3068,1,am
183729,Fis-22970,5,27614.604900000002,0.9817068932228084,am
183729,Fis-22970,6,4631.0917,0.5676629847547937,am
183729,Fis-22970,7,314618.9427,1,am
183729,Fis-22970,8,3187.6686000000004,1,am
NA,Fis-22996,1,17498.7148,0.9979652332651009,am
NA,Fis-22996,2,45877.585100000004,0.9999999999999999,am
NA,Fis-22996,3,20063.0681,0.9897520289120075,am
NA,Fis-22996,4,13621.2637,0.9957568683231813,am
NA,Fis-22996,5,27614.604900000002,0.9817068932228084,am
NA,Fis-22996,6,7028.2478,0.861497975465334,am
NA,Fis-22996,7,224950.84840000002,0.7149946105263547,am
NA,Fis-22996,8,3187.6686000000004,1,am
NA,Fis-23014,1,15093.991100000001,0.8608219815670609,am
NA,Fis-23014,2,42972.212400000004,0.9366711937067498,am
NA,Fis-23014,3,19166.0333,0.9454994744732038,am
NA,Fis-23014,4,7106.8991,0.5195364943492604,am
NA,Fis-23014,5,11075.3893,0.3937331734533031,am
NA,Fis-23014,7,6843.4794,0.021751644517239044,am
NA,Fis-23014,8,3169.1740000000004,0.9941980794364884,am
NA,Fis-23030,1,17079.4662,0.9740551614868542,am
NA,Fis-23030,2,42490.5351,0.9261720076892189,am
NA,Fis-23030,3,17260.8473,0.8515127671781838,am
NA,Fis-23030,4,11502.228799999999,0.8408488067538626,am
NA,Fis-23030,5,21568.3566,0.7667610826366613,am
NA,Fis-23030,6,3304.4209,0.40504432917623323,am
NA,Fis-23030,7,8917.420900000001,0.028343560064986513,am
NA,Fis-23030,8,3169.1740000000004,0.9941980794364884,am
39378,Fis-23129,1,17498.7148,0.9979652332651009,am
39378,Fis-23129,2,40057.8489,0.8731464137156599,am
39378,Fis-23129,3,20005.025,0.986888644523189,am
39378,Fis-23129,4,12057.3167,0.8814274638536508,am
39378,Fis-23129,5,24453.7747,0.8693384995092764,am
39378,Fis-23129,6,8158.171,1,am
39378,Fis-23129,7,6053.3460000000005,0.019240246464663997,am
39378,Fis-23129,8,3187.6686000000004,1,am
154755,Fis-23135,1,17130.0477,0.9769398635363098,am
154755,Fis-23135,2,37241.4428,0.8117568245761915,am
154755,Fis-23135,3,19476.9779,0.9608390051569098,am
154755,Fis-23135,4,12115.3598,0.8856705955304693,am
154755,Fis-23135,5,18397.8279,0.654047904547673,am
154755,Fis-23135,6,4631.0917,0.5676629847547937,am
154755,Fis-23135,7,4233.1001,0.01345468923031887,am
154755,Fis-23135,8,3187.6686000000004,1,am
190452,Fis-23192,1,17516.7743,0.9989951805118639,am
190452,Fis-23192,2,40057.8489,0.8731464137156599,am
190452,Fis-23192,3,20005.025,0.986888644523189,am
190452,Fis-23192,4,12115.3598,0.8856705955304693,am
190452,Fis-23192,5,22415.6947,0.7968841880250103,am
190452,Fis-23192,6,8158.171,1,am
190452,Fis-23192,7,6053.3460000000005,0.019240246464663997,am
190452,Fis-23192,8,3187.6686000000004,1,am
183337,Fis-23215,1,15242.501600000001,0.8692916501952288,am
183337,Fis-23215,2,31198.594100000002,0.6800400246001614,am
183337,Fis-23215,3,16620.4298,0.8199196670194022,am
183337,Fis-23215,4,11296.0492,0.8257764348117406,am
183337,Fis-23215,5,16840.8099,0.5986954811106102,am
183337,Fis-23215,6,7860.243100000001,0.9634810425032768,am
183337,Fis-23215,7,2383.6401,0.007576276493538671,am
183337,Fis-23215,8,1806.6460000000002,0.5667609236418114,am
NA,Fis-23237,1,17225.6878,0.9823942923784781,am
NA,Fis-23237,2,45693.0789,0.9959782931120321,am
NA,Fis-23237,3,19552.9873,0.9645887037319938,am
NA,Fis-23237,4,12859.9962,0.9401058392812711,am
NA,Fis-23237,5,27764.5661,0.9870380556380983,am
NA,Fis-23237,6,7860.243100000001,0.9634810425032768,am
NA,Fis-23237,7,102204.1328,0.3248505379965477,am
NA,Fis-23237,8,3169.1740000000004,0.9941980794364884,am
NA,Fis-23262,1,17429.1284,0.9939966670759954,am
NA,Fis-23262,2,42972.212400000004,0.9366711937067498,am
NA,Fis-23262,3,20006.9381,0.9869830216442292,am
NA,Fis-23262,4,11631.204099999999,0.8502773035253511,am
NA,Fis-23262,5,22647.2424,0.8051157732322962,am
NA,Fis-23262,6,4631.0917,0.5676629847547937,am
NA,Fis-23262,7,8265.1627,0.026270391188368835,am
NA,Fis-23262,8,3187.6686000000004,1,am
NA,Fis-23264,1,17516.7743,0.9989951805118639,am
NA,Fis-23264,2,42972.212400000004,0.9366711937067498,am
NA,Fis-23264,3,20063.0681,0.9897520289120075,am
NA,Fis-23264,4,12115.3598,0.8856705955304693,am
NA,Fis-23264,5,23939.204700000002,0.8510453927320847,am
NA,Fis-23264,6,4916.4229000000005,0.6026378829274356,am
NA,Fis-23264,7,4994.0194,0.015873231780458845,am
NA,Fis-23264,8,3187.6686000000004,1,am
NA,Fis-23265,1,17516.7743,0.9989951805118639,am
NA,Fis-23265,2,42972.212400000004,0.9366711937067498,am
NA,Fis-23265,3,20063.0681,0.9897520289120075,am
NA,Fis-23265,4,12115.3598,0.8856705955304693,am
NA,Fis-23265,5,23939.204700000002,0.8510453927320847,am
NA,Fis-23265,6,8158.171,1,am
NA,Fis-23265,7,6843.4794,0.021751644517239044,am
NA,Fis-23265,8,3187.6686000000004,1,am
39388,Fis-23277,1,17516.7743,0.9989951805118639,am
39388,Fis-23277,2,45877.585100000004,0.9999999999999999,am
39388,Fis-23277,3,20063.0681,0.9897520289120075,am
39388,Fis-23277,4,13679.3068,1,am
39388,Fis-23277,5,28129.1749,1,am
39388,Fis-23277,6,8158.171,1,am
39388,Fis-23277,7,314618.9427,1,am
39388,Fis-23277,8,3187.6686000000004,1,am
190133,Fis-23454,1,13291.9979,0.7580529162537543,am
190133,Fis-23454,2,39586.4554,0.862871385093894,am
190133,Fis-23454,3,12962.709200000001,0.6394768570264857,am
190133,Fis-23454,4,9864.1271,0.7210984623869975,am
190133,Fis-23454,5,21909.9245,0.7789039165880404,am
190133,Fis-23454,6,6480.0645,0.7943035883900939,am
190133,Fis-23454,7,314618.9427,1,am
190133,Fis-23454,8,3113.0440000000003,0.9765895990568154,am
198615,Fis-23484,1,16030.351900000001,0.9142233618897059,am
198615,Fis-23484,2,42913.6192,0.9353940297088567,am
198615,Fis-23484,3,19234.9173,0.9488976625479167,am
198615,Fis-23484,4,12763.2577,0.9330339531532401,am
198615,Fis-23484,5,27810.8663,0.9886840406399549,am
198615,Fis-23484,6,7213.7733,0.88423904083403,am
198615,Fis-23484,7,314618.9427,1,am
198615,Fis-23484,8,3113.0440000000003,0.9765895990568154,am
195038,Fis-23580,1,16347.492100000001,0.9323101126761546,am
195038,Fis-23580,2,42913.6192,0.9353940297088567,am
195038,Fis-23580,3,19234.9173,0.9488976625479167,am
195038,Fis-23580,4,12545.8383,0.917139916768297,am
195038,Fis-23580,5,27810.8663,0.9886840406399549,am
195038,Fis-23580,6,7213.7733,0.88423904083403,am
195038,Fis-23580,7,314618.9427,1,am
195038,Fis-23580,8,3113.0440000000003,0.9765895990568154,am
190287,Fis-23582,4,199.721,0.01460022813436716,am
190287,Fis-23582,5,18279.838,0.6498533307494917,am
190287,Fis-23582,6,5887.1025,0.7216203852554697,am
190287,Fis-23582,7,3480.031,0.011061098133936359,am
190425,Fis-23605,1,17225.6878,0.9823942923784781,am
190425,Fis-23605,2,45877.585100000004,0.9999999999999999,am
190425,Fis-23605,3,19552.9873,0.9645887037319938,am
190425,Fis-23605,4,12859.9962,0.9401058392812711,am
190425,Fis-23605,5,27988.7549,0.9950080299013676,am
190425,Fis-23605,6,7698.8255,0.9436950389983245,am
190425,Fis-23605,7,314618.9427,1,am
190425,Fis-23605,8,3169.1740000000004,0.9941980794364884,am
NA,Fis-23635,1,17498.7148,0.9979652332651009,am
NA,Fis-23635,2,40057.8489,0.8731464137156599,am
NA,Fis-23635,3,20005.025,0.986888644523189,am
NA,Fis-23635,4,12057.3167,0.8814274638536508,am
NA,Fis-23635,5,22415.6947,0.7968841880250103,am
NA,Fis-23635,6,8158.171,1,am
NA,Fis-23635,7,6053.3460000000005,0.019240246464663997,am
NA,Fis-23635,8,3187.6686000000004,1,am
198628,Fis-23637,7,68354.8543,0.21726236097989404,am
190422,Fis-23639,1,17225.6878,0.9823942923784781,am
190422,Fis-23639,2,45877.585100000004,0.9999999999999999,am
190422,Fis-23639,3,19552.9873,0.9645887037319938,am
190422,Fis-23639,4,12763.2577,0.9330339531532401,am
190422,Fis-23639,5,26337.9101,0.9363200375991121,am
190422,Fis-23639,6,4631.0917,0.5676629847547937,am
190422,Fis-23639,7,314618.9427,1,am
190422,Fis-23639,8,3169.1740000000004,0.9941980794364884,am
198651,Fis-23759,1,17516.7743,0.9989951805118639,am
198651,Fis-23759,2,38559.7863,0.8404929382388089,am
198651,Fis-23759,3,19476.9779,0.9608390051569098,am
198651,Fis-23759,4,12115.3598,0.8856705955304693,am
198651,Fis-23759,5,22415.6947,0.7968841880250103,am
198651,Fis-23759,6,7880.0085,0.9659038159410975,am
198651,Fis-23759,7,4274.2657,0.01358553195595619,am
198651,Fis-23759,8,3187.6686000000004,1,am
198758,Fis-23888,5,20.7833,7.38852101915012e-4,am
198758,Fis-23888,7,33672.4076,0.10702600202972458,am
190346,Fis-23893,1,17429.1284,0.9939966670759954,am
190346,Fis-23893,2,45877.585100000004,0.9999999999999999,am
190346,Fis-23893,3,20063.0681,0.9897520289120075,am
190346,Fis-23893,4,13679.3068,1,am
190346,Fis-23893,5,28129.1749,1,am
190346,Fis-23893,6,8158.171,1,am
190346,Fis-23893,7,314618.9427,1,am
190346,Fis-23893,8,3187.6686000000004,1,am
NA,Fis-23897,5,12233.7654,0.4349137663472667,am
NA,Fis-23897,6,7267.2811,0.8907978393686526,am
18123960,Fis-23904,1,17225.6878,0.9823942923784781,am
18123960,Fis-23904,2,45877.585100000004,0.9999999999999999,am
18123960,Fis-23904,3,19552.9873,0.9645887037319938,am
18123960,Fis-23904,4,12859.9962,0.9401058392812711,am
18123960,Fis-23904,5,27474.1849,0.976714923124176,am
18123960,Fis-23904,6,7698.8255,0.9436950389983245,am
18123960,Fis-23904,7,314618.9427,1,am
18123960,Fis-23904,8,3169.1740000000004,0.9941980794364884,am
190385,Fis-23905,1,1684.7559999999999,0.09608293716146389,am
190385,Fis-23905,2,27932.222,0.6088424649884198,am
190385,Fis-23905,3,6088.113,0.3003390191351426,am
190385,Fis-23905,4,5813.2958,0.4249700576932743,am
190385,Fis-23905,5,19372.5429,0.6886992941979254,am
190385,Fis-23905,6,686.0248,0.08409051489604717,am
190385,Fis-23905,7,314618.9427,1,am
190385,Fis-23905,8,338.06399999999996,0.10605368450158212,am
NA,Fis-23929,1,16347.492100000001,0.9323101126761546,am
NA,Fis-23929,2,42913.6192,0.9353940297088567,am
NA,Fis-23929,3,19234.9173,0.9488976625479167,am
NA,Fis-23929,4,12427.2459,0.9084704423765099,am
NA,Fis-23929,5,19804.7817,0.7040655038907664,am
NA,Fis-23929,6,118.5924,0.014536640626924833,am
NA,Fis-23929,7,312762.6925,0.9941000049645136,am
NA,Fis-23929,8,3113.0440000000003,0.9765895990568154,am
NA,Fis-23950,1,15441.6352,0.8806483933530131,am
NA,Fis-23950,2,42913.6192,0.9353940297088567,am
NA,Fis-23950,3,19234.9173,0.9488976625479167,am
NA,Fis-23950,4,11834.2839,0.8651230704175741,am
NA,Fis-23950,5,17182.7593,0.6108518774932143,am
NA,Fis-23950,7,314618.9427,1,am
NA,Fis-23950,8,3113.0440000000003,0.9765895990568154,am
NA,Fis-24003,1,9800.592700000001,0.5589353784994395,am
NA,Fis-24003,2,37447.5787,0.8162499969947197,am
NA,Fis-24003,3,19552.9873,0.9645887037319938,am
NA,Fis-24003,4,12763.2577,0.9330339531532401,am
NA,Fis-24003,5,25298.732900000003,0.8993769987899645,am
NA,Fis-24003,6,4429.3197,0.5429304803736034,am
NA,Fis-24003,7,314618.9427,1,am
NA,Fis-24003,8,3169.1740000000004,0.9941980794364884,am
196019,Fis-24017,1,16347.492100000001,0.9323101126761546,am
196019,Fis-24017,2,42913.6192,0.9353940297088567,am
196019,Fis-24017,3,19234.9173,0.9488976625479167,am
196019,Fis-24017,4,12427.2459,0.9084704423765099,am
196019,Fis-24017,5,27810.8663,0.9886840406399549,am
196019,Fis-24017,6,4631.0917,0.5676629847547937,am
196019,Fis-24017,7,217363.5412,0.690878747905728,am
196019,Fis-24017,8,3113.0440000000003,0.9765895990568154,am
196044,Fis-24018,1,17225.6878,0.9823942923784781,am
196044,Fis-24018,2,42972.212400000004,0.9366711937067498,am
196044,Fis-24018,3,19552.9873,0.9645887037319938,am
196044,Fis-24018,4,12820.052,0.9371857936543977,am
196044,Fis-24018,5,24812.6572,0.8820968723117435,am
196044,Fis-24018,6,7860.243100000001,0.9634810425032768,am
196044,Fis-24018,7,8917.420900000001,0.028343560064986513,am
196044,Fis-24018,8,3169.1740000000004,0.9941980794364884,am
NA,Fis-24151,2,7275.3591,0.15858199781313248,am
NA,Fis-24151,3,10124.1092,0.49944293523216027,am
NA,Fis-24151,4,8846.3179,0.6466934347872072,am
NA,Fis-24151,5,18693.472400000002,0.664558148842112,am
NA,Fis-24151,6,4928.6762,0.6041398494834197,am
NA,Fis-24151,7,6162.4158,0.019586919169949903,am
15601872,Fis-24154,1,1609.06,0.09176593576103904,am
15601872,Fis-24154,2,21352.2119,0.46541708447509367,am
15601872,Fis-24154,3,5322.649,0.2625771203426493,am
15601872,Fis-24154,4,5813.2958,0.4249700576932743,am
15601872,Fis-24154,5,18940.3041,0.6733330845050844,am
15601872,Fis-24154,7,314618.9427,1,am
15601872,Fis-24154,8,224.51999999999998,0.07043392151869236,am
NA,Fis-24300,5,20.7833,7.38852101915012e-4,am
NA,Fis-24300,7,33672.4076,0.10702600202972458,am
NA,Fis-24332,1,17516.7743,0.9989951805118639,am
NA,Fis-24332,2,38559.7863,0.8404929382388089,am
NA,Fis-24332,3,19476.9779,0.9608390051569098,am
NA,Fis-24332,4,12115.3598,0.8856705955304693,am
NA,Fis-24332,5,22415.6947,0.7968841880250103,am
NA,Fis-24332,6,6750.0853,0.8274017914064317,am
NA,Fis-24332,7,4274.2657,0.01358553195595619,am
NA,Fis-24332,8,3187.6686000000004,1,am
NA,Fis-24353,1,17441.0783,0.994678179111439,am
NA,Fis-24353,2,33024.8441,0.7198470457417341,am
NA,Fis-24353,3,18141.9866,0.8949811642140841,am
NA,Fis-24353,4,12115.3598,0.8856705955304693,am
NA,Fis-24353,5,18545.5227,0.6592984958119052,am
NA,Fis-24353,6,8158.171,1,am
NA,Fis-24353,7,2383.6401,0.007576276493538671,am
NA,Fis-24353,8,3074.1246,0.9643802370171103,am
184099,Fis-24354,1,17441.0783,0.994678179111439,am
184099,Fis-24354,2,33024.8441,0.7198470457417341,am
184099,Fis-24354,3,18141.9866,0.8949811642140841,am
184099,Fis-24354,4,12115.3598,0.8856705955304693,am
184099,Fis-24354,5,18545.5227,0.6592984958119052,am
184099,Fis-24354,6,8158.171,1,am
184099,Fis-24354,7,2383.6401,0.007576276493538671,am
184099,Fis-24354,8,3074.1246,0.9643802370171103,am
NA,Fis-24371,1,17499.3777,0.9980030389645875,am
NA,Fis-24371,2,45877.585100000004,0.9999999999999999,am
NA,Fis-24371,3,20063.0681,0.9897520289120075,am
NA,Fis-24371,4,13679.3068,1,am
NA,Fis-24371,5,25883.8717,0.9201788460563768,am
NA,Fis-24371,6,4631.0917,0.5676629847547937,am
NA,Fis-24371,7,314618.9427,1,am
NA,Fis-24371,8,3187.6686000000004,1,am
NA,Fis-24399,1,14146.7798,0.8068017888409162,am
NA,Fis-24399,2,37596.4317,0.8194945662037473,am
NA,Fis-24399,3,16269.173200000001,0.8025914632379112,am
NA,Fis-24399,4,3397.5187,0.24836921560966818,am
NA,Fis-24399,5,3889.9374000000003,0.13828835768659534,am
NA,Fis-24399,7,4215.179,0.013397727942971692,am
NA,Fis-24399,8,2588.9486,0.812176209283487,am
NA,Fis-24404,1,17516.7743,0.9989951805118639,am
NA,Fis-24404,2,37241.4428,0.8117568245761915,am
NA,Fis-24404,3,19476.9779,0.9608390051569098,am
NA,Fis-24404,4,12115.3598,0.8856705955304693,am
NA,Fis-24404,5,20563.242700000003,0.7310290036271202,am
NA,Fis-24404,6,8158.171,1,am
NA,Fis-24404,7,2383.6401,0.007576276493538671,am
NA,Fis-24404,8,3187.6686000000004,1,am
NA,Fis-24407,1,13631.3857,0.7774084648677776,am
NA,Fis-24407,2,31198.594100000002,0.6800400246001614,am
NA,Fis-24407,3,16743.5566,0.825993762940626,am
NA,Fis-24407,4,7242.333,0.5294371349285039,am
NA,Fis-24407,5,4035.0833000000002,0.14344833484611025,am
NA,Fis-24407,7,2383.6401,0.007576276493538671,am
NA,Fis-24407,8,1825.1406000000002,0.572562844205323,am
NA,Fis-24418,5,4131.0616,0.14686039013536795,am
NA,Fis-24418,6,733.7088,0.08993545244393626,am
NA,Fis-24421,1,15559.641800000001,0.8873784009816774,am
NA,Fis-24421,2,32346.790100000002,0.7050674099234573,am
NA,Fis-24421,3,17385.8938,0.8576815658118956,am
NA,Fis-24421,4,11296.0492,0.8257764348117406,am
NA,Fis-24421,5,16758.4787,0.5957685840262595,am
NA,Fis-24421,6,7860.243100000001,0.9634810425032768,am
NA,Fis-24421,7,2383.6401,0.007576276493538671,am
NA,Fis-24421,8,1806.6460000000002,0.5667609236418114,am
NA,Fis-24432,1,17042.477,0.9719456388145783,am
NA,Fis-24432,2,41159.7416,0.8971645196730287,am
NA,Fis-24432,3,19552.9873,0.9645887037319938,am
NA,Fis-24432,4,11199.3107,0.8187045486837096,am
NA,Fis-24432,5,24135.4661,0.8580225401492313,am
NA,Fis-24432,6,7213.7733,0.88423904083403,am
NA,Fis-24432,7,6966.9762,0.022144172694151004,am
NA,Fis-24432,8,3169.1740000000004,0.9941980794364884,am
NA,Fis-24433,1,1609.06,0.09176593576103904,am
NA,Fis-24433,2,20305.3645,0.44259880845384775,am
NA,Fis-24433,3,5322.649,0.2625771203426493,am
NA,Fis-24433,4,5813.2958,0.4249700576932743,am
NA,Fis-24433,5,18716.1153,0.6653631102418152,am
NA,Fis-24433,7,72088.688,0.22913015783903085,am
NA,Fis-24433,8,224.51999999999998,0.07043392151869236,am
NA,Fis-24437,1,3562.3001000000004,0.20316072871001886,am
NA,Fis-24437,2,21159.5277,0.4612171206021042,am
NA,Fis-24437,3,5130.7899,0.2531123200168092,am
NA,Fis-24437,4,10096.4918,0.7380850468241563,am
NA,Fis-24437,5,6951.2172,0.24711770696125182,am
NA,Fis-24437,6,592.962,0.07268320313462416,am
NA,Fis-24437,7,2363.668,0.007512796209012243,am
NA,Fis-24439,1,15482.6478,0.8829873736377715,am
NA,Fis-24439,2,29589.5341,0.6449671236073844,am
NA,Fis-24439,3,8358.8717,0.4123601725944479,am
NA,Fis-24439,4,10096.4918,0.7380850468241563,am
NA,Fis-24439,5,12371.4536,0.43980862019525496,am
NA,Fis-24439,6,7860.243100000001,0.9634810425032768,am
NA,Fis-24439,7,2363.668,0.007512796209012243,am
NA,Fis-24439,8,1825.1406000000002,0.572562844205323,am
NA,Fis-24440,1,15551.7991,0.8869311257375019,am
NA,Fis-24440,2,27777.0633,0.6054604495736633,am
NA,Fis-24440,3,7658.041700000001,0.37778680071707277,am
NA,Fis-24440,4,10915.8024,0.7979792075428851,am
NA,Fis-24440,5,12965.912,0.4609417818366226,am
NA,Fis-24440,6,8158.171,1,am
NA,Fis-24440,7,2363.668,0.007512796209012243,am
NA,Fis-24440,8,992.4846,0.31135124899746475,am
NA,Fis-24441,1,17516.7743,0.9989951805118639,am
NA,Fis-24441,2,42972.212400000004,0.9366711937067498,am
NA,Fis-24441,3,20063.0681,0.9897520289120075,am
NA,Fis-24441,4,12115.3598,0.8856705955304693,am
NA,Fis-24441,5,22622.1555,0.8042239269520842,am
NA,Fis-24441,6,4429.3197,0.5429304803736034,am
NA,Fis-24441,7,6966.9762,0.022144172694151004,am
NA,Fis-24441,8,3187.6686000000004,1,am
183957,Fis-24450,3,39.1146,0.0019296029160206863,am
183957,Fis-24450,4,9754.7308,0.713101251592661,am
183957,Fis-24450,5,12451.342,0.4426486750594309,am
183957,Fis-24450,6,4631.0917,0.5676629847547937,am
183957,Fis-24450,7,39.1146,1.2432372845807036e-4,am
183848,Fis-24451,1,17441.0783,0.994678179111439,am
183848,Fis-24451,2,33024.8441,0.7198470457417341,am
183848,Fis-24451,3,18141.9866,0.8949811642140841,am
183848,Fis-24451,4,12115.3598,0.8856705955304693,am
183848,Fis-24451,5,13185.6159,0.4687523166561135,am
183848,Fis-24451,6,3009.5861,0.36890451303361993,am
183848,Fis-24451,7,2383.6401,0.007576276493538671,am
183848,Fis-24451,8,3074.1246,0.9643802370171103,am
NA,Fis-24456,1,17225.6878,0.9823942923784781,am
NA,Fis-24456,2,40057.8489,0.8731464137156599,am
NA,Fis-24456,3,19494.9442,0.9617253193431753,am
NA,Fis-24456,4,11296.0492,0.8257764348117406,am
NA,Fis-24456,5,21760.704700000002,0.7735991111491862,am
NA,Fis-24456,6,6730.3199,0.8249790179686108,am
NA,Fis-24456,7,6053.3460000000005,0.019240246464663997,am
NA,Fis-24456,8,3169.1740000000004,0.9941980794364884,am
NA,Fis-24457,1,17225.6878,0.9823942923784781,am
NA,Fis-24457,2,37241.4428,0.8117568245761915,am
NA,Fis-24457,3,18966.897100000002,0.935675679976896,am
NA,Fis-24457,4,11296.0492,0.8257764348117406,am
NA,Fis-24457,5,19908.2527,0.7077439267512962,am
NA,Fis-24457,6,6730.3199,0.8249790179686108,am
NA,Fis-24457,7,4233.1001,0.01345468923031887,am
NA,Fis-24457,8,3169.1740000000004,0.9941980794364884,am
NA,Fis-24458,1,16347.492100000001,0.9323101126761546,am
NA,Fis-24458,2,40008.2465,0.8720652234156064,am
NA,Fis-24458,3,19234.9173,0.9488976625479167,am
NA,Fis-24458,4,12387.3017,0.9055503967496364,am
NA,Fis-24458,5,24634.7686,0.8757728830503307,am
NA,Fis-24458,6,7213.7733,0.88423904083403,am
NA,Fis-24458,7,6944.4641,0.02207261915129435,am
NA,Fis-24458,8,3113.0440000000003,0.9765895990568154,am
NA,Fis-24467,1,17516.7743,0.9989951805118639,am
NA,Fis-24467,2,37241.4428,0.8117568245761915,am
NA,Fis-24467,3,19476.9779,0.9608390051569098,am
NA,Fis-24467,4,12115.3598,0.8856705955304693,am
NA,Fis-24467,5,20563.242700000003,0.7310290036271202,am
NA,Fis-24467,6,8158.171,1,am
NA,Fis-24467,7,2383.6401,0.007576276493538671,am
NA,Fis-24467,8,3187.6686000000004,1,am
NA,Fis-24468,1,15588.7883,0.8890406484097778,am
NA,Fis-24468,2,29589.5341,0.6449671236073844,am
NA,Fis-24468,3,7658.041700000001,0.37778680071707277,am
NA,Fis-24468,4,10915.8024,0.7979792075428851,am
NA,Fis-24468,5,12965.912,0.4609417818366226,am
NA,Fis-24468,6,8158.171,1,am
NA,Fis-24468,7,2363.668,0.007512796209012243,am
NA,Fis-24468,8,992.4846,0.31135124899746475,am
NA,Fis-24469,1,10992.038900000001,0.6268844763900925,am
NA,Fis-24469,2,39401.9492,0.8588496782059263,am
NA,Fis-24469,3,11902.9652,0.5871975262232709,am
NA,Fis-24469,4,6743.6952,0.4929851562361332,am
NA,Fis-24469,5,14526.6007,0.5164246996807574,am
NA,Fis-24469,7,127159.8303,0.40417092883454026,am
NA,Fis-24469,8,2280.3880000000004,0.7153780038489572,am
NA,Fis-24471,1,17225.6878,0.9823942923784781,am
NA,Fis-24471,2,40057.8489,0.8731464137156599,am
NA,Fis-24471,3,19494.9442,0.9617253193431753,am
NA,Fis-24471,4,11296.0492,0.8257764348117406,am
NA,Fis-24471,5,22275.2747,0.7918922179263779,am
NA,Fis-24471,6,7860.243100000001,0.9634810425032768,am
NA,Fis-24471,7,6053.3460000000005,0.019240246464663997,am
NA,Fis-24471,8,3169.1740000000004,0.9941980794364884,am
NA,Fis-24472,1,3463.0378,0.19749972300153504,am
NA,Fis-24472,2,34369.1187,0.749148383139286,am
NA,Fis-24472,3,6759.8775000000005,0.33347853067505806,am
NA,Fis-24472,5,5908.252,0.21004000369737114,am
NA,Fis-24472,7,6275.9029,0.01994763203429963,am
NA,Fis-24472,8,1362.5280000000002,0.42743715579467706,am
183991,Fis-24482,5,9882.0381,0.3513092060158508,am
183991,Fis-24482,7,19.9721,6.348028452642817e-5,am
NA,Fis-24483,1,15536.5985,0.8860642237679487,am
NA,Fis-24483,2,29589.5341,0.6449671236073844,am
NA,Fis-24483,3,9781.9092,0.4825615119819602,am
NA,Fis-24483,4,11767.1012,0.8602118054695578,am
NA,Fis-24483,5,10760.1428,0.38252607260087107,am
NA,Fis-24483,6,4429.3197,0.5429304803736034,am
NA,Fis-24483,7,2363.668,0.007512796209012243,am
NA,Fis-24483,8,1825.1406000000002,0.572562844205323,am
NA,Fis-24495,1,15744.587800000001,0.8979260143430569,am
NA,Fis-24495,2,31198.594100000002,0.6800400246001614,am
NA,Fis-24495,3,16771.5966,0.8273770332735763,am
NA,Fis-24495,4,11296.0492,0.8257764348117406,am
NA,Fis-24495,5,16386.7715,0.5825542895678749,am
NA,Fis-24495,6,6730.3199,0.8249790179686108,am
NA,Fis-24495,7,2383.6401,0.007576276493538671,am
NA,Fis-24495,8,1825.1406000000002,0.572562844205323,am
NA,Fis-24496,1,15559.641800000001,0.8873784009816774,am
NA,Fis-24496,2,31198.594100000002,0.6800400246001614,am
NA,Fis-24496,3,16620.4298,0.8199196670194022,am
NA,Fis-24496,4,11296.0492,0.8257764348117406,am
NA,Fis-24496,5,16840.8099,0.5986954811106102,am
NA,Fis-24496,6,7860.243100000001,0.9634810425032768,am
NA,Fis-24496,7,2383.6401,0.007576276493538671,am
NA,Fis-24496,8,1806.6460000000002,0.5667609236418114,am
NA,Fis-24498,1,17093.4936,0.9748551549534088,am
NA,Fis-24498,2,34728.0041,0.7569710573105122,am
NA,Fis-24498,3,17783.0726,0.8772752052882444,am
NA,Fis-24498,4,11296.0492,0.8257764348117406,am
NA,Fis-24498,5,18465.6343,0.6564584409477293,am
NA,Fis-24498,6,7860.243100000001,0.9634810425032768,am
NA,Fis-24498,7,2383.6401,0.007576276493538671,am
NA,Fis-24498,8,3187.6686000000004,1,am
NA,Fis-24507,1,17516.7743,0.9989951805118639,am
NA,Fis-24507,2,42972.212400000004,0.9366711937067498,am
NA,Fis-24507,3,20063.0681,0.9897520289120075,am
NA,Fis-24507,4,12115.3598,0.8856705955304693,am
NA,Fis-24507,5,24453.7747,0.8693384995092764,am
NA,Fis-24507,6,8158.171,1,am
NA,Fis-24507,7,6843.4794,0.021751644517239044,am
NA,Fis-24507,8,3187.6686000000004,1,am
NA,Fis-24510,1,15128.5184,0.8627911001790469,am
NA,Fis-24510,2,27777.0633,0.6054604495736633,am
NA,Fis-24510,3,7299.1277,0.36008084179123306,am
NA,Fis-24510,4,10096.4918,0.7380850468241563,am
NA,Fis-24510,5,12886.0236,0.45810172697244667,am
NA,Fis-24510,6,7860.243100000001,0.9634810425032768,am
NA,Fis-24510,7,2363.668,0.007512796209012243,am
NA,Fis-24510,8,992.4846,0.31135124899746475,am
NA,Fis-24511,1,15850.7283,0.9039792891150632,am
NA,Fis-24511,2,31198.594100000002,0.6800400246001614,am
NA,Fis-24511,3,13609.229200000002,0.6713710059444267,am
NA,Fis-24511,4,11767.1012,0.8602118054695578,am
NA,Fis-24511,5,12965.912,0.4609417818366226,am
NA,Fis-24511,6,8158.171,1,am
NA,Fis-24511,7,2363.668,0.007512796209012243,am
NA,Fis-24511,8,1825.1406000000002,0.572562844205323,am
NA,Fis-24513,1,15551.7991,0.8869311257375019,am
NA,Fis-24513,2,27777.0633,0.6054604495736633,am
NA,Fis-24513,3,7658.041700000001,0.37778680071707277,am
NA,Fis-24513,4,10915.8024,0.7979792075428851,am
NA,Fis-24513,5,12965.912,0.4609417818366226,am
NA,Fis-24513,6,8158.171,1,am
NA,Fis-24513,7,2363.668,0.007512796209012243,am
NA,Fis-24513,8,992.4846,0.31135124899746475,am
155094,Fis-24514,1,15588.7883,0.8890406484097778,am
155094,Fis-24514,2,29589.5341,0.6449671236073844,am
155094,Fis-24514,3,8717.7857,0.43006613152028755,am
155094,Fis-24514,4,10915.8024,0.7979792075428851,am
155094,Fis-24514,5,12965.912,0.4609417818366226,am
155094,Fis-24514,6,8158.171,1,am
155094,Fis-24514,7,2363.668,0.007512796209012243,am
155094,Fis-24514,8,1825.1406000000002,0.572562844205323,am
NA,Fis-24545,1,17079.4662,0.9740551614868542,am
NA,Fis-24545,2,45284.9137,0.9870814603970948,am
NA,Fis-24545,3,19552.9873,0.9645887037319938,am
NA,Fis-24545,4,12763.2577,0.9330339531532401,am
NA,Fis-24545,5,22506.5633,0.8001145920565199,am
NA,Fis-24545,6,4429.3197,0.5429304803736034,am
NA,Fis-24545,7,83635.412,0.26583082150825627,am
NA,Fis-24545,8,3169.1740000000004,0.9941980794364884,am
NA,Fis-24552,1,15482.6478,0.8829873736377715,am
NA,Fis-24552,2,29589.5341,0.6449671236073844,am
NA,Fis-24552,3,8358.8717,0.4123601725944479,am
NA,Fis-24552,4,10096.4918,0.7380850468241563,am
NA,Fis-24552,5,12886.0236,0.45810172697244667,am
NA,Fis-24552,6,7860.243100000001,0.9634810425032768,am
NA,Fis-24552,7,2363.668,0.007512796209012243,am
NA,Fis-24552,8,1825.1406000000002,0.572562844205323,am
NA,Fis-24553,1,14833.5943,0.8459713507508203,am
NA,Fis-24553,2,39808.0903,0.8677023913361995,am
NA,Fis-24553,3,19259.157,0.9500934563385594,am
NA,Fis-24553,4,7242.333,0.5294371349285039,am
NA,Fis-24553,5,9037.3093,0.321278861969037,am
NA,Fis-24553,7,6053.3460000000005,0.019240246464663997,am
NA,Fis-24553,8,3187.6686000000004,1,am
NA,Fis-24554,1,15482.6478,0.8829873736377715,am
NA,Fis-24554,2,29589.5341,0.6449671236073844,am
NA,Fis-24554,3,8358.8717,0.4123601725944479,am
NA,Fis-24554,4,10096.4918,0.7380850468241563,am
NA,Fis-24554,5,11194.8244,0.39797912451388684,am
NA,Fis-24554,6,4429.3197,0.5429304803736034,am
NA,Fis-24554,7,2363.668,0.007512796209012243,am
NA,Fis-24554,8,1825.1406000000002,0.572562844205323,am
154977,Fis-24555,1,17516.7743,0.9989951805118639,am
154977,Fis-24555,2,42972.212400000004,0.9366711937067498,am
154977,Fis-24555,3,20063.0681,0.9897520289120075,am
154977,Fis-24555,4,12115.3598,0.8856705955304693,am
154977,Fis-24555,5,24453.7747,0.8693384995092764,am
154977,Fis-24555,6,7860.243100000001,0.9634810425032768,am
154977,Fis-24555,7,6843.4794,0.021751644517239044,am
154977,Fis-24555,8,3187.6686000000004,1,am
NA,Fis-24562,1,4850.1328,0.27660682321188046,am
NA,Fis-24562,2,32210.6367,0.7020996556333563,am
NA,Fis-24562,3,12387.7698,0.6111139249557197,am
NA,Fis-24562,4,367.8159,0.026888489700369906,am
NA,Fis-24562,5,5908.252,0.21004000369737114,am
NA,Fis-24562,7,6907.8895,0.021956368681166506,am
NA,Fis-24562,8,2289.804,0.71833188682161,am
190107,Fis-24609,2,13734.8875,0.29938122222566593,am
190107,Fis-24609,3,58.043099999999995,0.002863384388818505,am
190107,Fis-24609,4,39.9442,0.002920045626873432,am
190107,Fis-24609,5,7066.6297,0.2512206534717803,am
190107,Fis-24609,7,310673.2386,0.9874587840575055,am
NA,Fis-24610,1,11210.2312,0.6393281519431193,am
NA,Fis-24610,2,33289.5604,0.725617103154804,am
NA,Fis-24610,3,2592.588,0.12789764857215052,am
NA,Fis-24610,7,2371.1734,0.0075366517338436145,am
NA,Fis-24610,8,2195.184,0.6886487510025352,am
NA,Fis-24611,1,17516.7743,0.9989951805118639,am
NA,Fis-24611,2,42972.212400000004,0.9366711937067498,am
NA,Fis-24611,3,20063.0681,0.9897520289120075,am
NA,Fis-24611,4,12115.3598,0.8856705955304693,am
NA,Fis-24611,5,2225.5782,0.07911992470138184,am
NA,Fis-24611,6,6730.3199,0.8249790179686108,am
NA,Fis-24611,7,6782.3417,0.021557321507075296,am
NA,Fis-24611,8,3187.6686000000004,1,am
NA,Fis-24636,1,14594.6456,0.8323439216590626,am
NA,Fis-24636,2,26928.2668,0.5869591161196495,am
NA,Fis-24636,3,6230.3588,0.3073562942823177,am
NA,Fis-24636,4,10896.2451,0.7965495079034267,am
NA,Fis-24636,5,12965.912,0.4609417818366226,am
NA,Fis-24636,6,8158.171,1,am
NA,Fis-24636,7,1855.1782,0.0058965877390573275,am
NA,Fis-24636,8,992.4846,0.31135124899746475,am
154650,Fis-24651,1,17498.7148,0.9979652332651009,am
154650,Fis-24651,2,40057.8489,0.8731464137156599,am
154650,Fis-24651,3,20005.025,0.986888644523189,am
154650,Fis-24651,4,12057.3167,0.8814274638536508,am
154650,Fis-24651,5,16821.8401,0.5980210994386472,am
154650,Fis-24651,6,118.5924,0.014536640626924833,am
154650,Fis-24651,7,6053.3460000000005,0.019240246464663997,am
154650,Fis-24651,8,3187.6686000000004,1,am
NA,Fis-24652,1,16129.6887,0.9198886163907856,am
NA,Fis-24652,2,42972.212400000004,0.9366711937067498,am
NA,Fis-24652,3,19619.9841,0.9678937923854392,am
NA,Fis-24652,4,7242.333,0.5294371349285039,am
NA,Fis-24652,5,11253.277900000001,0.4000571627147158,am
NA,Fis-24652,7,6843.4794,0.021751644517239044,am
NA,Fis-24652,8,3187.6686000000004,1,am
NA,Fis-24668,1,17516.7743,0.9989951805118639,am
NA,Fis-24668,2,42972.212400000004,0.9366711937067498,am
NA,Fis-24668,3,20063.0681,0.9897520289120075,am
NA,Fis-24668,4,12115.3598,0.8856705955304693,am
NA,Fis-24668,5,23939.204700000002,0.8510453927320847,am
NA,Fis-24668,6,6730.3199,0.8249790179686108,am
NA,Fis-24668,7,6843.4794,0.021751644517239044,am
NA,Fis-24668,8,3187.6686000000004,1,am
NA,Fis-24671,1,17225.6878,0.9823942923784781,am
NA,Fis-24671,2,42972.212400000004,0.9366711937067498,am
NA,Fis-24671,3,19552.9873,0.9645887037319938,am
NA,Fis-24671,4,12723.3135,0.9301139075263667,am
NA,Fis-24671,5,18938.382400000002,0.6732647675350051,am
NA,Fis-24671,6,812.6551,0.09961241312544196,am
NA,Fis-24671,7,8917.420900000001,0.028343560064986513,am
NA,Fis-24671,8,3169.1740000000004,0.9941980794364884,am
NA,Fis-24672,1,15559.641800000001,0.8873784009816774,am
NA,Fis-24672,2,31198.594100000002,0.6800400246001614,am
NA,Fis-24672,3,11185.4884,0.5518029337831797,am
NA,Fis-24672,4,10947.7906,0.800317644750829,am
NA,Fis-24672,5,12310.922,0.43765670496079856,am
NA,Fis-24672,6,6730.3199,0.8249790179686108,am
NA,Fis-24672,7,2363.668,0.007512796209012243,am
NA,Fis-24672,8,1806.6460000000002,0.5667609236418114,am
NA,Fis-24673,1,17516.7743,0.9989951805118639,am
NA,Fis-24673,2,42972.212400000004,0.9366711937067498,am
NA,Fis-24673,3,20063.0681,0.9897520289120075,am
NA,Fis-24673,4,12115.3598,0.8856705955304693,am
NA,Fis-24673,5,22802.9299,0.8106505072070208,am
NA,Fis-24673,6,4631.0917,0.5676629847547937,am
NA,Fis-24673,7,6966.9762,0.022144172694151004,am
NA,Fis-24673,8,3187.6686000000004,1,am
NA,Fis-24674,1,17498.7148,0.9979652332651009,am
NA,Fis-24674,2,38559.7863,0.8404929382388089,am
NA,Fis-24674,3,19476.9779,0.9608390051569098,am
NA,Fis-24674,4,12057.3167,0.8814274638536508,am
NA,Fis-24674,5,20764.8499,0.7381961957227547,am
NA,Fis-24674,6,4631.0917,0.5676629847547937,am
NA,Fis-24674,7,4274.2657,0.01358553195595619,am
NA,Fis-24674,8,3187.6686000000004,1,am
NA,Fis-24693,1,17516.7743,0.9989951805118639,am
NA,Fis-24693,2,42972.212400000004,0.9366711937067498,am
NA,Fis-24693,3,20063.0681,0.9897520289120075,am
NA,Fis-24693,4,11489.5262,0.8399202070678026,am
NA,Fis-24693,5,2225.5782,0.07911992470138184,am
NA,Fis-24693,6,4631.0917,0.5676629847547937,am
NA,Fis-24693,7,6782.3417,0.021557321507075296,am
NA,Fis-24693,8,3187.6686000000004,1,am
183514,Fis-24699,1,15798.5385,0.9010028644732342,am
183514,Fis-24699,2,31198.594100000002,0.6800400246001614,am
183514,Fis-24699,3,13609.229200000002,0.6713710059444267,am
183514,Fis-24699,4,11767.1012,0.8602118054695578,am
183514,Fis-24699,5,6951.2172,0.24711770696125182,am
183514,Fis-24699,6,592.962,0.07268320313462416,am
183514,Fis-24699,7,2363.668,0.007512796209012243,am
183514,Fis-24699,8,1825.1406000000002,0.572562844205323,am
NA,Fis-24715,1,17225.6878,0.9823942923784781,am
NA,Fis-24715,2,42972.212400000004,0.9366711937067498,am
NA,Fis-24715,3,19552.9873,0.9645887037319938,am
NA,Fis-24715,4,11296.0492,0.8257764348117406,am
NA,Fis-24715,5,23798.7847,0.8460534226334524,am
NA,Fis-24715,6,6568.9023,0.8051930144636585,am
NA,Fis-24715,7,6843.4794,0.021751644517239044,am
NA,Fis-24715,8,3169.1740000000004,0.9941980794364884,am
NA,Fis-24728,1,17130.0477,0.9769398635363098,am
NA,Fis-24728,2,38559.7863,0.8404929382388089,am
NA,Fis-24728,3,19476.9779,0.9608390051569098,am
NA,Fis-24728,4,12115.3598,0.8856705955304693,am
NA,Fis-24728,5,22415.6947,0.7968841880250103,am
NA,Fis-24728,6,8158.171,1,am
NA,Fis-24728,7,4274.2657,0.01358553195595619,am
NA,Fis-24728,8,3187.6686000000004,1,am
135574,Fis-24741,1,15850.7283,0.9039792891150632,am
135574,Fis-24741,2,31198.594100000002,0.6800400246001614,am
135574,Fis-24741,3,17130.5106,0.845082992199416,am
135574,Fis-24741,4,12115.3598,0.8856705955304693,am
135574,Fis-24741,5,15290.030700000001,0.5435648487506827,am
135574,Fis-24741,6,4429.3197,0.5429304803736034,am
135574,Fis-24741,7,2383.6401,0.007576276493538671,am
135574,Fis-24741,8,1825.1406000000002,0.572562844205323,am
NA,Fis-24744,1,15588.7883,0.8890406484097778,am
NA,Fis-24744,2,29589.5341,0.6449671236073844,am
NA,Fis-24744,3,8717.7857,0.43006613152028755,am
NA,Fis-24744,4,10915.8024,0.7979792075428851,am
NA,Fis-24744,5,12965.912,0.4609417818366226,am
NA,Fis-24744,6,8158.171,1,am
NA,Fis-24744,7,2363.668,0.007512796209012243,am
NA,Fis-24744,8,1825.1406000000002,0.572562844205323,am
NA,Fis-24745,1,15588.7883,0.8890406484097778,am
NA,Fis-24745,2,29589.5341,0.6449671236073844,am
NA,Fis-24745,3,9781.9092,0.4825615119819602,am
NA,Fis-24745,4,11767.1012,0.8602118054695578,am
NA,Fis-24745,5,12965.912,0.4609417818366226,am
NA,Fis-24745,6,8158.171,1,am
NA,Fis-24745,7,2363.668,0.007512796209012243,am
NA,Fis-24745,8,1825.1406000000002,0.572562844205323,am
NA,Fis-24746,1,15744.587800000001,0.8979260143430569,am
NA,Fis-24746,2,31198.594100000002,0.6800400246001614,am
NA,Fis-24746,3,16771.5966,0.8273770332735763,am
NA,Fis-24746,4,11296.0492,0.8257764348117406,am
NA,Fis-24746,5,16901.3415,0.6008473963450666,am
NA,Fis-24746,6,7860.243100000001,0.9634810425032768,am
NA,Fis-24746,7,2383.6401,0.007576276493538671,am
NA,Fis-24746,8,1825.1406000000002,0.572562844205323,am
NA,Fis-24750,1,17225.6878,0.9823942923784781,am
NA,Fis-24750,2,44656.6084,0.9733862037999903,am
NA,Fis-24750,3,19552.9873,0.9645887037319938,am
NA,Fis-24750,4,12820.052,0.9371857936543977,am
NA,Fis-24750,5,24298.0872,0.8638037655345518,am
NA,Fis-24750,6,6568.9023,0.8051930144636585,am
NA,Fis-24750,7,21640.0588,0.0687818051077571,am
NA,Fis-24750,8,3169.1740000000004,0.9941980794364884,am
NA,Fis-24751,1,15278.937100000001,0.8713695949284403,am
NA,Fis-24751,2,34252.915,0.7466154751898656,am
NA,Fis-24751,3,4760.925800000001,0.23486617034657442,am
NA,Fis-24751,7,2371.1734,0.0075366517338436145,am
NA,Fis-24751,8,3187.6686000000004,1,am
NA,Fis-24753,1,14630.1537,0.834368976053303,am
NA,Fis-24753,2,39808.0903,0.8677023913361995,am
NA,Fis-24753,3,17113.1456,0.8442263413673303,am
NA,Fis-24753,4,1296.2959,0.09476327411561528,am
NA,Fis-24753,7,4016.9210000000003,0.012767575167367696,am
NA,Fis-24753,8,3169.1740000000004,0.9941980794364884,am
NA,Fis-24756,1,11210.2312,0.6393281519431193,am
NA,Fis-24756,2,33289.5604,0.725617103154804,am
NA,Fis-24756,3,2592.588,0.12789764857215052,am
NA,Fis-24756,7,2371.1734,0.0075366517338436145,am
NA,Fis-24756,8,2195.184,0.6886487510025352,am
NA,Fis-24758,1,17079.4662,0.9740551614868542,am
NA,Fis-24758,2,40057.8489,0.8731464137156599,am
NA,Fis-24758,3,19494.9442,0.9617253193431753,am
NA,Fis-24758,4,11199.3107,0.8187045486837096,am
NA,Fis-24758,5,23798.7847,0.8460534226334524,am
NA,Fis-24758,6,6283.5711,0.7702181162910167,am
NA,Fis-24758,7,6053.3460000000005,0.019240246464663997,am
NA,Fis-24758,8,3169.1740000000004,0.9941980794364884,am
154845,Fis-24759,1,17225.6878,0.9823942923784781,am
154845,Fis-24759,2,42972.212400000004,0.9366711937067498,am
154845,Fis-24759,3,19552.9873,0.9645887037319938,am
154845,Fis-24759,4,11495.770199999999,0.8403766629461077,am
154845,Fis-24759,5,24812.6572,0.8820968723117435,am
154845,Fis-24759,6,7698.8255,0.9436950389983245,am
154845,Fis-24759,7,8265.1627,0.026270391188368835,am
154845,Fis-24759,8,3169.1740000000004,0.9941980794364884,am
183618,Fis-24766,3,39.1146,0.0019296029160206863,am
183618,Fis-24766,4,9441.814,0.6902260573613277,am
183618,Fis-24766,5,6951.2172,0.24711770696125182,am
183618,Fis-24766,6,118.5924,0.014536640626924833,am
183618,Fis-24766,7,39.1146,1.2432372845807036e-4,am
NA,Fis-24767,1,17441.0783,0.994678179111439,am
NA,Fis-24767,2,33024.8441,0.7198470457417341,am
NA,Fis-24767,3,18141.9866,0.8949811642140841,am
NA,Fis-24767,4,12115.3598,0.8856705955304693,am
NA,Fis-24767,5,13559.7659,0.4820534533346728,am
NA,Fis-24767,6,3009.5861,0.36890451303361993,am
NA,Fis-24767,7,2383.6401,0.007576276493538671,am
NA,Fis-24767,8,3074.1246,0.9643802370171103,am
154722,Fis-24768,1,374.6252,0.021365164777986157,am
154722,Fis-24768,2,25574.7491,0.5574563056066348,am
154722,Fis-24768,5,1852.4520000000002,0.06585518439789004,am
154722,Fis-24768,7,4058.0866,0.012898417893005016,am
154722,Fis-24768,8,113.544,0.03561976298288975,am
NA,Fis-24773,1,1796.9918000000002,0.1024838316047344,am
NA,Fis-24773,2,20879.1478,0.45510564155653427,am
NA,Fis-24773,7,1816.0636,0.005772264010599258,am
NA,Fis-24786,1,17225.6878,0.9823942923784781,am
NA,Fis-24786,2,44656.6084,0.9733862037999903,am
NA,Fis-24786,3,19552.9873,0.9645887037319938,am
NA,Fis-24786,4,12820.052,0.9371857936543977,am
NA,Fis-24786,5,25247.0217,0.8975386512314657,am
NA,Fis-24786,6,6730.3199,0.8249790179686108,am
NA,Fis-24786,7,34221.7638,0.10877210223362689,am
NA,Fis-24786,8,3169.1740000000004,0.9941980794364884,am
NA,Fis-24808,1,17516.7743,0.9989951805118639,am
NA,Fis-24808,2,42972.212400000004,0.9366711937067498,am
NA,Fis-24808,3,20063.0681,0.9897520289120075,am
NA,Fis-24808,4,11841.5576,0.8656548005780527,am
NA,Fis-24808,5,24373.886300000002,0.8664984446451005,am
NA,Fis-24808,6,6730.3199,0.8249790179686108,am
NA,Fis-24808,7,6966.9762,0.022144172694151004,am
NA,Fis-24808,8,3187.6686000000004,1,am
14214,Fis-24809,1,15832.668800000001,0.9029493418683002,am
14214,Fis-24809,2,29055.2949,0.6333222386633424,am
14214,Fis-24809,3,4873.827800000001,0.2404358560502392,am
14214,Fis-24809,6,299.7754,0.036745417569697916,am
14214,Fis-24809,7,170.316,5.413405770751769e-4,am
14214,Fis-24809,8,1825.1406000000002,0.572562844205323,am
NA,Fis-24812,1,17149.9918,0.9780772909780533,am
NA,Fis-24812,2,33024.8441,0.7198470457417341,am
NA,Fis-24812,3,17631.9058,0.8698178390340704,am
NA,Fis-24812,4,11296.0492,0.8257764348117406,am
NA,Fis-24812,5,18405.1027,0.6543065257132729,am
NA,Fis-24812,6,7860.243100000001,0.9634810425032768,am
NA,Fis-24812,7,2383.6401,0.007576276493538671,am
NA,Fis-24812,8,3055.63,0.9585783164535987,am
NA,Fis-24813,1,14833.5943,0.8459713507508203,am
NA,Fis-24813,2,42722.4538,0.9312271713272894,am
NA,Fis-24813,3,19317.200100000002,0.9529568407273779,am
NA,Fis-24813,4,7242.333,0.5294371349285039,am
NA,Fis-24813,5,9037.3093,0.321278861969037,am
NA,Fis-24813,7,6843.4794,0.021751644517239044,am
NA,Fis-24813,8,3187.6686000000004,1,am
NA,Fis-24825,1,15588.7883,0.8890406484097778,am
NA,Fis-24825,2,29589.5341,0.6449671236073844,am
NA,Fis-24825,3,9781.9092,0.4825615119819602,am
NA,Fis-24825,4,11767.1012,0.8602118054695578,am
NA,Fis-24825,5,12965.912,0.4609417818366226,am
NA,Fis-24825,6,8158.171,1,am
NA,Fis-24825,7,2363.668,0.007512796209012243,am
NA,Fis-24825,8,1825.1406000000002,0.572562844205323,am
183355,Fis-24832,1,10092.618400000001,0.5755898299349189,am
183355,Fis-24832,2,24197.4337,0.5274347733704057,am
183355,Fis-24832,3,17895.9746,0.8828448909919093,am
183355,Fis-24832,4,11841.5576,0.8656548005780527,am
183355,Fis-24832,5,8834.7253,0.3140769443614217,am
183355,Fis-24832,6,118.5924,0.014536640626924833,am
183355,Fis-24832,7,2383.6401,0.007576276493538671,am
183355,Fis-24832,8,1825.1406000000002,0.572562844205323,am
NA,Fis-24846,1,15850.7283,0.9039792891150632,am
NA,Fis-24846,2,32346.790100000002,0.7050674099234573,am
NA,Fis-24846,3,17895.9746,0.8828448909919093,am
NA,Fis-24846,4,12115.3598,0.8856705955304693,am
NA,Fis-24846,5,15722.2695,0.5589310584435236,am
NA,Fis-24846,6,4429.3197,0.5429304803736034,am
NA,Fis-24846,7,2383.6401,0.007576276493538671,am
NA,Fis-24846,8,1825.1406000000002,0.572562844205323,am
NA,Fis-24891,1,17447.1879,0.9950266143227584,am
NA,Fis-24891,2,37241.4428,0.8117568245761915,am
NA,Fis-24891,3,19476.9779,0.9608390051569098,am
NA,Fis-24891,4,12115.3598,0.8856705955304693,am
NA,Fis-24891,5,18357.4735,0.6526132943913687,am
NA,Fis-24891,6,4429.3197,0.5429304803736034,am
NA,Fis-24891,7,2383.6401,0.007576276493538671,am
NA,Fis-24891,8,3187.6686000000004,1,am
NA,Fis-24894,1,15850.7283,0.9039792891150632,am
NA,Fis-24894,2,31198.594100000002,0.6800400246001614,am
NA,Fis-24894,3,17130.5106,0.845082992199416,am
NA,Fis-24894,4,12115.3598,0.8856705955304693,am
NA,Fis-24894,5,16466.6599,0.5853943444320509,am
NA,Fis-24894,6,8158.171,1,am
NA,Fis-24894,7,2383.6401,0.007576276493538671,am
NA,Fis-24894,8,1825.1406000000002,0.572562844205323,am
154866,Fis-24895,3,1466.7975000000001,0.07236010935077573,am
154866,Fis-24895,4,9774.2881,0.7145309512321194,am
154866,Fis-24895,5,12965.912,0.4609417818366226,am
154866,Fis-24895,6,8158.171,1,am
154866,Fis-24895,7,547.6044,0.001740532198412985,am
NA,Fis-24897,1,15445.6586,0.8808778509654955,am
NA,Fis-24897,2,27777.0633,0.6054604495736633,am
NA,Fis-24897,3,7299.1277,0.36008084179123306,am
NA,Fis-24897,4,10096.4918,0.7380850468241563,am
NA,Fis-24897,5,12886.0236,0.45810172697244667,am
NA,Fis-24897,6,7860.243100000001,0.9634810425032768,am
NA,Fis-24897,7,2363.668,0.007512796209012243,am
NA,Fis-24897,8,992.4846,0.31135124899746475,am
19014407,Fis-24899,1,17516.7743,0.9989951805118639,am
19014407,Fis-24899,2,40057.8489,0.8731464137156599,am
19014407,Fis-24899,3,20005.025,0.986888644523189,am
19014407,Fis-24899,4,12115.3598,0.8856705955304693,am
19014407,Fis-24899,5,24453.7747,0.8693384995092764,am
19014407,Fis-24899,6,6730.3199,0.8249790179686108,am
19014407,Fis-24899,7,6053.3460000000005,0.019240246464663997,am
19014407,Fis-24899,8,3187.6686000000004,1,am
NA,Fis-24901,1,15278.937100000001,0.8713695949284403,am
NA,Fis-24901,2,42972.212400000004,0.9366711937067498,am
NA,Fis-24901,3,19317.200100000002,0.9529568407273779,am
NA,Fis-24901,4,7106.8991,0.5195364943492604,am
NA,Fis-24901,5,11075.3893,0.3937331734533031,am
NA,Fis-24901,7,6843.4794,0.021751644517239044,am
NA,Fis-24901,8,3187.6686000000004,1,am
18878,Fis-24923,1,17441.0783,0.994678179111439,am
18878,Fis-24923,2,33024.8441,0.7198470457417341,am
18878,Fis-24923,3,18141.9866,0.8949811642140841,am
18878,Fis-24923,4,12115.3598,0.8856705955304693,am
18878,Fis-24923,5,18545.5227,0.6592984958119052,am
18878,Fis-24923,6,7880.0085,0.9659038159410975,am
18878,Fis-24923,7,2383.6401,0.007576276493538671,am
18878,Fis-24923,8,3074.1246,0.9643802370171103,am
183926,Fis-24925,1,15482.6478,0.8829873736377715,am
183926,Fis-24925,2,29589.5341,0.6449671236073844,am
183926,Fis-24925,3,9422.995200000001,0.4648555530561205,am
183926,Fis-24925,4,10947.7906,0.800317644750829,am
183926,Fis-24925,5,7465.5852,0.26540363258219846,am
183926,Fis-24925,6,3009.5861,0.36890451303361993,am
183926,Fis-24925,7,2363.668,0.007512796209012243,am
183926,Fis-24925,8,1825.1406000000002,0.572562844205323,am
198650,Fis-24929,1,12268.0822,0.6996582122955928,am
198650,Fis-24929,2,40244.0668,0.8772054307627452,am
198650,Fis-24929,3,19648.6703,0.9693089410810555,am
198650,Fis-24929,4,13230.9561,0.9672241651894231,am
198650,Fis-24929,5,27474.1849,0.976714923124176,am
198650,Fis-24929,6,4916.4229000000005,0.6026378829274356,am
198650,Fis-24929,7,304663.21,0.9683562197032327,am
198650,Fis-24929,8,3169.1740000000004,0.9941980794364884,am
155068,Fis-24930,1,17410.6338,0.9929419057398575,am
155068,Fis-24930,2,45877.585100000004,0.9999999999999999,am
155068,Fis-24930,3,19704.1541,0.9720460699861678,am
155068,Fis-24930,4,12859.9962,0.9401058392812711,am
155068,Fis-24930,5,27474.1849,0.976714923124176,am
155068,Fis-24930,6,7860.243100000001,0.9634810425032768,am
155068,Fis-24930,7,314618.9427,1,am
155068,Fis-24930,8,3187.6686000000004,1,am
155179,Fis-24933,1,15744.587800000001,0.8979260143430569,am
155179,Fis-24933,2,31198.594100000002,0.6800400246001614,am
155179,Fis-24933,3,11336.655200000001,0.5592603000373537,am
155179,Fis-24933,4,10947.7906,0.800317644750829,am
155179,Fis-24933,5,12886.0236,0.45810172697244667,am
155179,Fis-24933,6,7860.243100000001,0.9634810425032768,am
155179,Fis-24933,7,2363.668,0.007512796209012243,am
155179,Fis-24933,8,1825.1406000000002,0.572562844205323,am
NA,Fis-24935,1,15464.0017,0.8819239721395091,am
NA,Fis-24935,2,31198.594100000002,0.6800400246001614,am
NA,Fis-24935,3,13609.229200000002,0.6713710059444267,am
NA,Fis-24935,4,11767.1012,0.8602118054695578,am
NA,Fis-24935,5,11315.0672,0.402253789534367,am
NA,Fis-24935,6,4631.0917,0.5676629847547937,am
NA,Fis-24935,7,2363.668,0.007512796209012243,am
NA,Fis-24935,8,1825.1406000000002,0.572562844205323,am
NA,Fis-24938,1,17225.6878,0.9823942923784781,am
NA,Fis-24938,2,40057.8489,0.8731464137156599,am
NA,Fis-24938,3,19494.9442,0.9617253193431753,am
NA,Fis-24938,4,11296.0492,0.8257764348117406,am
NA,Fis-24938,5,21760.704700000002,0.7735991111491862,am
NA,Fis-24938,6,6730.3199,0.8249790179686108,am
NA,Fis-24938,7,6053.3460000000005,0.019240246464663997,am
NA,Fis-24938,8,3169.1740000000004,0.9941980794364884,am
NA,Fis-24941,1,16407.9254,0.9357566704960169,am
NA,Fis-24941,2,42972.212400000004,0.9366711937067498,am
NA,Fis-24941,3,19166.0333,0.9454994744732038,am
NA,Fis-24941,4,7106.8991,0.5195364943492604,am
NA,Fis-24941,5,11253.277900000001,0.4000571627147158,am
NA,Fis-24941,7,6843.4794,0.021751644517239044,am
NA,Fis-24941,8,3169.1740000000004,0.9941980794364884,am
NA,Fis-24947,1,17225.6878,0.9823942923784781,am
NA,Fis-24947,2,42972.212400000004,0.9366711937067498,am
NA,Fis-24947,3,19552.9873,0.9645887037319938,am
NA,Fis-24947,4,12820.052,0.9371857936543977,am
NA,Fis-24947,5,24298.0872,0.8638037655345518,am
NA,Fis-24947,6,6568.9023,0.8051930144636585,am
NA,Fis-24947,7,8917.420900000001,0.028343560064986513,am
NA,Fis-24947,8,3169.1740000000004,0.9941980794364884,am
NA,Fis-24949,1,16030.351900000001,0.9142233618897059,am
NA,Fis-24949,2,39697.5256,0.8652923974413814,am
NA,Fis-24949,3,19234.9173,0.9488976625479167,am
NA,Fis-24949,4,10002.7777,0.7312342537708124,am
NA,Fis-24949,5,24135.4661,0.8580225401492313,am
NA,Fis-24949,6,4631.0917,0.5676629847547937,am
NA,Fis-24949,7,5117.5162,0.016265759957370805,am
NA,Fis-24949,8,3113.0440000000003,0.9765895990568154,am
NA,Fis-24950,1,17079.4662,0.9740551614868542,am
NA,Fis-24950,2,42972.212400000004,0.9366711937067498,am
NA,Fis-24950,3,19552.9873,0.9645887037319938,am
NA,Fis-24950,4,11199.3107,0.8187045486837096,am
NA,Fis-24950,5,23798.7847,0.8460534226334524,am
NA,Fis-24950,6,6083.8501,0.7457370162993642,am
NA,Fis-24950,7,6966.9762,0.022144172694151004,am
NA,Fis-24950,8,3169.1740000000004,0.9941980794364884,am
NA,Fis-24951,1,17516.7743,0.9989951805118639,am
NA,Fis-24951,2,40057.8489,0.8731464137156599,am
NA,Fis-24951,3,20005.025,0.986888644523189,am
NA,Fis-24951,4,12115.3598,0.8856705955304693,am
NA,Fis-24951,5,23939.204700000002,0.8510453927320847,am
NA,Fis-24951,6,6730.3199,0.8249790179686108,am
NA,Fis-24951,7,4203.886,0.013361833727883798,am
NA,Fis-24951,8,3187.6686000000004,1,am
NA,Fis-24952,1,3824.2401000000004,0.2180993694153043,am
NA,Fis-24952,2,22768.5877,0.49629002159488117,am
NA,Fis-24952,3,9926.5504,0.48969695709188665,am
NA,Fis-24952,4,10947.7906,0.800317644750829,am
NA,Fis-24952,5,7465.5852,0.26540363258219846,am
NA,Fis-24952,6,3009.5861,0.36890451303361993,am
NA,Fis-24952,7,2363.668,0.007512796209012243,am
NA,Fis-24953,1,17079.4662,0.9740551614868542,am
NA,Fis-24953,2,38559.7863,0.8404929382388089,am
NA,Fis-24953,3,18966.897100000002,0.935675679976896,am
NA,Fis-24953,4,11199.3107,0.8187045486837096,am
NA,Fis-24953,5,16915.3679,0.6013460387705862,am
NA,Fis-24953,6,3009.5861,0.36890451303361993,am
NA,Fis-24953,7,4274.2657,0.01358553195595619,am
NA,Fis-24953,8,3169.1740000000004,0.9941980794364884,am
NA,Fis-24954,1,15798.5385,0.9010028644732342,am
NA,Fis-24954,2,31198.594100000002,0.6800400246001614,am
NA,Fis-24954,3,11695.5692,0.5769662589631934,am
NA,Fis-24954,4,11767.1012,0.8602118054695578,am
NA,Fis-24954,5,12451.342,0.4426486750594309,am
NA,Fis-24954,6,8158.171,1,am
NA,Fis-24954,7,2363.668,0.007512796209012243,am
NA,Fis-24954,8,1825.1406000000002,0.572562844205323,am
NA,Fis-24955,1,3658.1659000000004,0.2086280293976754,am
NA,Fis-24955,2,7451.5986,0.16242351431004157,am
NA,Fis-24957,1,17225.6878,0.9823942923784781,am
NA,Fis-24957,2,42972.212400000004,0.9366711937067498,am
NA,Fis-24957,3,19552.9873,0.9645887037319938,am
NA,Fis-24957,4,11296.0492,0.8257764348117406,am
NA,Fis-24957,5,23798.7847,0.8460534226334524,am
NA,Fis-24957,6,6568.9023,0.8051930144636585,am
NA,Fis-24957,7,6966.9762,0.022144172694151004,am
NA,Fis-24957,8,3169.1740000000004,0.9941980794364884,am
NA,Fis-24959,1,17516.7743,0.9989951805118639,am
NA,Fis-24959,2,42972.212400000004,0.9366711937067498,am
NA,Fis-24959,3,20063.0681,0.9897520289120075,am
NA,Fis-24959,4,12315.0808,0.9002708236648366,am
NA,Fis-24959,5,24953.0772,0.8870888424103759,am
NA,Fis-24959,6,7860.243100000001,0.9634810425032768,am
NA,Fis-24959,7,6415.7027,0.020391978451588636,am
NA,Fis-24959,8,3187.6686000000004,1,am
NA,Fis-24960,1,17516.7743,0.9989951805118639,am
NA,Fis-24960,2,40057.8489,0.8731464137156599,am
NA,Fis-24960,3,20005.025,0.986888644523189,am
NA,Fis-24960,4,12115.3598,0.8856705955304693,am
NA,Fis-24960,5,24453.7747,0.8693384995092764,am
NA,Fis-24960,6,8158.171,1,am
NA,Fis-24960,7,4203.886,0.013361833727883798,am
NA,Fis-24960,8,3187.6686000000004,1,am
NA,Fis-24963,1,12471.5228,0.7112605869931101,am
NA,Fis-24963,2,32523.6152,0.7089216908236959,am
NA,Fis-24963,3,20063.0681,0.9897520289120075,am
NA,Fis-24963,4,12115.3598,0.8856705955304693,am
NA,Fis-24963,5,23939.204700000002,0.8510453927320847,am
NA,Fis-24963,6,4631.0917,0.5676629847547937,am
NA,Fis-24963,7,6843.4794,0.021751644517239044,am
NA,Fis-24963,8,3187.6686000000004,1,am
NA,Fis-24965,1,17516.7743,0.9989951805118639,am
NA,Fis-24965,2,40057.8489,0.8731464137156599,am
NA,Fis-24965,3,20005.025,0.986888644523189,am
NA,Fis-24965,4,12115.3598,0.8856705955304693,am
NA,Fis-24965,5,24453.7747,0.8693384995092764,am
NA,Fis-24965,6,6730.3199,0.8249790179686108,am
NA,Fis-24965,7,4203.886,0.013361833727883798,am
NA,Fis-24965,8,3187.6686000000004,1,am
NA,Fis-24968,1,17516.7743,0.9989951805118639,am
NA,Fis-24968,2,40057.8489,0.8731464137156599,am
NA,Fis-24968,3,20005.025,0.986888644523189,am
NA,Fis-24968,4,12115.3598,0.8856705955304693,am
NA,Fis-24968,5,21901.1247,0.7785910812478186,am
NA,Fis-24968,6,8158.171,1,am
NA,Fis-24968,7,6053.3460000000005,0.019240246464663997,am
NA,Fis-24968,8,3187.6686000000004,1,am
NA,Fis-24970,1,12268.0822,0.6996582122955928,am
NA,Fis-24970,2,29609.2517,0.6453969108326061,am
NA,Fis-24970,3,19494.9442,0.9617253193431753,am
NA,Fis-24970,4,11296.0492,0.8257764348117406,am
NA,Fis-24970,5,22275.2747,0.7918922179263779,am
NA,Fis-24970,6,7860.243100000001,0.9634810425032768,am
NA,Fis-24970,7,4203.886,0.013361833727883798,am
NA,Fis-24970,8,3169.1740000000004,0.9941980794364884,am
NA,Fis-24971,1,17130.0477,0.9769398635363098,am
NA,Fis-24971,2,42972.212400000004,0.9366711937067498,am
NA,Fis-24971,3,20063.0681,0.9897520289120075,am
NA,Fis-24971,4,11841.5576,0.8656548005780527,am
NA,Fis-24971,5,24373.886300000002,0.8664984446451005,am
NA,Fis-24971,6,7860.243100000001,0.9634810425032768,am
NA,Fis-24971,7,6843.4794,0.021751644517239044,am
NA,Fis-24971,8,3187.6686000000004,1,am
NA,Fis-24974,1,17516.7743,0.9989951805118639,am
NA,Fis-24974,2,42972.212400000004,0.9366711937067498,am
NA,Fis-24974,3,20063.0681,0.9897520289120075,am
NA,Fis-24974,4,13639.3626,0.9970799543731266,am
NA,Fis-24974,5,24438.5072,0.8687957356331841,am
NA,Fis-24974,6,7860.243100000001,0.9634810425032768,am
NA,Fis-24974,7,7067.9609,0.02246514732820631,am
NA,Fis-24974,8,3187.6686000000004,1,am
NA,Fis-24975,1,16407.9254,0.9357566704960169,am
NA,Fis-24975,2,42972.212400000004,0.9366711937067498,am
NA,Fis-24975,3,19166.0333,0.9454994744732038,am
NA,Fis-24975,4,7106.8991,0.5195364943492604,am
NA,Fis-24975,5,5324.6659,0.18929335534829356,am
NA,Fis-24975,7,6925.8106,0.022013329968513684,am
NA,Fis-24975,8,3169.1740000000004,0.9941980794364884,am
NA,Fis-24976,1,17225.6878,0.9823942923784781,am
NA,Fis-24976,2,42972.212400000004,0.9366711937067498,am
NA,Fis-24976,3,19552.9873,0.9645887037319938,am
NA,Fis-24976,4,11296.0492,0.8257764348117406,am
NA,Fis-24976,5,23798.7847,0.8460534226334524,am
NA,Fis-24976,6,6568.9023,0.8051930144636585,am
NA,Fis-24976,7,6843.4794,0.021751644517239044,am
NA,Fis-24976,8,3169.1740000000004,0.9941980794364884,am
NA,Fis-24977,1,15798.5385,0.9010028644732342,am
NA,Fis-24977,2,31198.594100000002,0.6800400246001614,am
NA,Fis-24977,3,11695.5692,0.5769662589631934,am
NA,Fis-24977,4,11767.1012,0.8602118054695578,am
NA,Fis-24977,5,12451.342,0.4426486750594309,am
NA,Fis-24977,6,7028.2478,0.861497975465334,am
NA,Fis-24977,7,2363.668,0.007512796209012243,am
NA,Fis-24977,8,1825.1406000000002,0.572562844205323,am
NA,Fis-24978,1,15787.6476,0.9003817480265014,am
NA,Fis-24978,2,35448.89,0.7726843059139135,am
NA,Fis-24978,3,19176.874200000002,0.9460342781590982,am
NA,Fis-24978,4,9409.8157,0.6878868818118765,am
NA,Fis-24978,5,13507.359100000001,0.48019037700249073,am
NA,Fis-24978,7,6053.3460000000005,0.019240246464663997,am
NA,Fis-24978,8,3113.0440000000003,0.9765895990568154,am
NA,Fis-24979,1,17225.6878,0.9823942923784781,am
NA,Fis-24979,2,42972.212400000004,0.9366711937067498,am
NA,Fis-24979,3,19552.9873,0.9645887037319938,am
NA,Fis-24979,4,11296.0492,0.8257764348117406,am
NA,Fis-24979,5,23798.7847,0.8460534226334524,am
NA,Fis-24979,6,6730.3199,0.8249790179686108,am
NA,Fis-24979,7,6843.4794,0.021751644517239044,am
NA,Fis-24979,8,3169.1740000000004,0.9941980794364884,am
NA,Fis-24982,1,17225.6878,0.9823942923784781,am
NA,Fis-24982,2,42972.212400000004,0.9366711937067498,am
NA,Fis-24982,3,19552.9873,0.9645887037319938,am
NA,Fis-24982,4,11296.0492,0.8257764348117406,am
NA,Fis-24982,5,24313.3547,0.864346529410644,am
NA,Fis-24982,6,6730.3199,0.8249790179686108,am
NA,Fis-24982,7,6843.4794,0.021751644517239044,am
NA,Fis-24982,8,3169.1740000000004,0.9941980794364884,am
NA,Fis-24984,1,5490.2861,0.31311526081210495,am
NA,Fis-24984,2,27814.2537,0.6062710938113436,am
NA,Fis-24984,3,14667.8928,0.7235970384142706,am
NA,Fis-24984,4,12115.3598,0.8856705955304693,am
NA,Fis-24984,5,14690.1847,0.5222401564291884,am
NA,Fis-24984,6,2230.6742,0.273428223066175,am
NA,Fis-24984,7,2383.6401,0.007576276493538671,am
NA,Fis-24984,8,113.544,0.03561976298288975,am
NA,Fis-24987,1,17225.6878,0.9823942923784781,am
NA,Fis-24987,2,40057.8489,0.8731464137156599,am
NA,Fis-24987,3,19494.9442,0.9617253193431753,am
NA,Fis-24987,4,11199.3107,0.8187045486837096,am
NA,Fis-24987,5,21760.704700000002,0.7735991111491862,am
NA,Fis-24987,6,4631.0917,0.5676629847547937,am
NA,Fis-24987,7,6053.3460000000005,0.019240246464663997,am
NA,Fis-24987,8,3169.1740000000004,0.9941980794364884,am
NA,Fis-24988,1,17225.6878,0.9823942923784781,am
NA,Fis-24988,2,42972.212400000004,0.9366711937067498,am
NA,Fis-24988,3,19552.9873,0.9645887037319938,am
NA,Fis-24988,4,11296.0492,0.8257764348117406,am
NA,Fis-24988,5,23798.7847,0.8460534226334524,am
NA,Fis-24988,6,6568.9023,0.8051930144636585,am
NA,Fis-24988,7,6843.4794,0.021751644517239044,am
NA,Fis-24988,8,3169.1740000000004,0.9941980794364884,am
12103,Fis-25001,5,11161.4488,0.39679261264076393,am
12103,Fis-25001,7,41.165600000000005,1.3084272563732065e-4,am
NA,Fis-25004,1,2488.43,0.14191708670021155,am
NA,Fis-25004,2,10990.2852,0.23955675033993887,am
NA,Fis-25004,3,16620.4298,0.8199196670194022,am
NA,Fis-25004,4,11296.0492,0.8257764348117406,am
NA,Fis-25004,5,16326.2399,0.5804023743334185,am
NA,Fis-25004,6,4631.0917,0.5676629847547937,am
NA,Fis-25004,7,2383.6401,0.007576276493538671,am
NA,Fis-25004,8,1806.6460000000002,0.5667609236418114,am
183353,Fis-25017,1,15445.6586,0.8808778509654955,am
183353,Fis-25017,2,27777.0633,0.6054604495736633,am
183353,Fis-25017,3,5871.4448,0.28965033535647805,am
183353,Fis-25017,4,10076.9345,0.7366553471846979,am
183353,Fis-25017,5,6951.2172,0.24711770696125182,am
183353,Fis-25017,6,592.962,0.07268320313462416,am
183353,Fis-25017,7,1855.1782,0.0058965877390573275,am
183353,Fis-25017,8,992.4846,0.31135124899746475,am
NA,Fis-25031,1,17516.7743,0.9989951805118639,am
NA,Fis-25031,2,40057.8489,0.8731464137156599,am
NA,Fis-25031,3,20005.025,0.986888644523189,am
NA,Fis-25031,4,12115.3598,0.8856705955304693,am
NA,Fis-25031,5,23939.204700000002,0.8510453927320847,am
NA,Fis-25031,6,4916.4229000000005,0.6026378829274356,am
NA,Fis-25031,7,6053.3460000000005,0.019240246464663997,am
NA,Fis-25031,8,3187.6686000000004,1,am
NA,Fis-25035,1,17225.6878,0.9823942923784781,am
NA,Fis-25035,2,40057.8489,0.8731464137156599,am
NA,Fis-25035,3,19494.9442,0.9617253193431753,am
NA,Fis-25035,4,11296.0492,0.8257764348117406,am
NA,Fis-25035,5,23798.7847,0.8460534226334524,am
NA,Fis-25035,6,6730.3199,0.8249790179686108,am
NA,Fis-25035,7,6053.3460000000005,0.019240246464663997,am
NA,Fis-25035,8,3169.1740000000004,0.9941980794364884,am
NA,Fis-25041,4,2200.1983,0.16084135930045812,am
NA,Fis-25041,5,17908.593800000002,0.6366554960700251,am
NA,Fis-25041,6,7860.243100000001,0.9634810425032768,am
NA,Fis-25041,7,41.165600000000005,1.3084272563732065e-4,am
NA,Fis-25042,1,16725.3368,0.9538588880281297,am
NA,Fis-25042,2,38245.3781,0.8336397396819388,am
NA,Fis-25042,3,19494.9442,0.9617253193431753,am
NA,Fis-25042,4,11199.3107,0.8187045486837096,am
NA,Fis-25042,5,24135.4661,0.8580225401492313,am
NA,Fis-25042,6,7213.7733,0.88423904083403,am
NA,Fis-25042,7,4203.886,0.013361833727883798,am
NA,Fis-25042,8,3169.1740000000004,0.9941980794364884,am
NA,Fis-25045,1,15260.7126,0.8703302376041162,am
NA,Fis-25045,2,27777.0633,0.6054604495736633,am
NA,Fis-25045,3,7147.9609,0.35262347553705903,am
NA,Fis-25045,4,10096.4918,0.7380850468241563,am
NA,Fis-25045,5,12825.492,0.4559498117379902,am
NA,Fis-25045,6,7860.243100000001,0.9634810425032768,am
NA,Fis-25045,7,2363.668,0.007512796209012243,am
NA,Fis-25045,8,973.99,0.3055493284339532,am
NA,Fis-25046,1,15588.7883,0.8890406484097778,am
NA,Fis-25046,2,29589.5341,0.6449671236073844,am
NA,Fis-25046,3,7658.041700000001,0.37778680071707277,am
NA,Fis-25046,4,10915.8024,0.7979792075428851,am
NA,Fis-25046,5,12965.912,0.4609417818366226,am
NA,Fis-25046,6,8158.171,1,am
NA,Fis-25046,7,2363.668,0.007512796209012243,am
NA,Fis-25046,8,992.4846,0.31135124899746475,am
15598887,Fis-25165,1,17225.6878,0.9823942923784781,am
15598887,Fis-25165,2,45877.585100000004,0.9999999999999999,am
15598887,Fis-25165,3,19552.9873,0.9645887037319938,am
15598887,Fis-25165,4,12859.9962,0.9401058392812711,am
15598887,Fis-25165,5,27474.1849,0.976714923124176,am
15598887,Fis-25165,6,7860.243100000001,0.9634810425032768,am
15598887,Fis-25165,7,314618.9427,1,am
15598887,Fis-25165,8,3169.1740000000004,0.9941980794364884,am
190261,Fis-25178,1,17225.6878,0.9823942923784781,am
190261,Fis-25178,2,45877.585100000004,0.9999999999999999,am
190261,Fis-25178,3,19552.9873,0.9645887037319938,am
190261,Fis-25178,4,12763.2577,0.9330339531532401,am
190261,Fis-25178,5,27988.7549,0.9950080299013676,am
190261,Fis-25178,6,7698.8255,0.9436950389983245,am
190261,Fis-25178,7,314618.9427,1,am
190261,Fis-25178,8,3169.1740000000004,0.9941980794364884,am
16509297,Fis-25421,5,23661.0965,0.8411585687854641,am
16509297,Fis-25421,6,6620.8113,0.8115558376994059,am
16509297,Fis-25421,7,184.6345,5.868511870757107e-4,am
190350,Fis-25456,1,1609.06,0.09176593576103904,am
190350,Fis-25456,2,21352.2119,0.46541708447509367,am
190350,Fis-25456,3,5322.649,0.2625771203426493,am
190350,Fis-25456,4,5813.2958,0.4249700576932743,am
190350,Fis-25456,5,18940.3041,0.6733330845050844,am
190350,Fis-25456,7,314618.9427,1,am
190350,Fis-25456,8,224.51999999999998,0.07043392151869236,am
190239,Fis-25469,1,15525.707600000002,0.8854431073212159,am
190239,Fis-25469,2,39659.5662,0.8644649912054765,am
190239,Fis-25469,3,18586.0233,0.916886399372828,am
190239,Fis-25469,4,10715.4259,0.7833310603136703,am
190239,Fis-25469,5,21319.288500000002,0.7579066423309843,am
190239,Fis-25469,6,3009.5861,0.36890451303361993,am
190239,Fis-25469,7,314618.9427,1,am
190239,Fis-25469,8,3113.0440000000003,0.9765895990568154,am
18125776,Fis-25475,1,3275.1059999999998,0.1867818271578397,am
18125776,Fis-25475,2,30086.348,0.6557962441663042,am
18125776,Fis-25475,3,6088.113,0.3003390191351426,am
18125776,Fis-25475,4,5813.2958,0.4249700576932743,am
18125776,Fis-25475,5,19372.5429,0.6886992941979254,am
18125776,Fis-25475,7,314618.9427,1,am
18125776,Fis-25475,8,338.06399999999996,0.10605368450158212,am
NA,Fis-25573,1,1609.06,0.09176593576103904,am
NA,Fis-25573,2,21352.2119,0.46541708447509367,am
NA,Fis-25573,3,5322.649,0.2625771203426493,am
NA,Fis-25573,4,5813.2958,0.4249700576932743,am
NA,Fis-25573,5,19372.5429,0.6886992941979254,am
NA,Fis-25573,7,314618.9427,1,am
NA,Fis-25573,8,224.51999999999998,0.07043392151869236,am
15598524,Fis-26206,4,239.6652,0.01752027376124059,am
15598524,Fis-26206,5,25084.1253,0.8917476388544905,am
15598524,Fis-26206,6,4555.4073,0.5583858563396134,am
15598524,Fis-26206,7,132733.3077,0.42188593782976946,am
190403,Fis-26349,2,18838.7732,0.4106313172094143,am
190403,Fis-26349,3,58.043099999999995,0.002863384388818505,am
190403,Fis-26349,4,39.9442,0.002920045626873432,am
190403,Fis-26349,5,5028.5497000000005,0.17876634198751418,am
190403,Fis-26349,7,310673.2386,0.9874587840575055,am
199249,Fis-26350,2,13734.8875,0.29938122222566593,am
199249,Fis-26350,3,586.0902,0.02891302375509777,am
199249,Fis-26350,4,1563.947,0.11432940446953056,am
199249,Fis-26350,5,9583.6522,0.34070150418809475,am
199249,Fis-26350,7,314051.3662,0.9981959875170605,am
18140291,Fis-26351,2,18798.5124,0.4097537470428015,am
18140291,Fis-26351,3,1921.0815,0.09477086469792338,am
18140291,Fis-26351,4,1563.947,0.11432940446953056,am
18140291,Fis-26351,5,9583.6522,0.34070150418809475,am
18140291,Fis-26351,7,312769.1417,0.9941205034123967,am
15149121,Fis-26352,2,19373.5379,0.4222876565488622,am
15149121,Fis-26352,3,3387.879,0.16713097404869912,am
15149121,Fis-26352,4,5378.456999999999,0.3931819849233881,am
15149121,Fis-26352,5,14750.7895,0.5243946739440267,am
15149121,Fis-26352,7,314618.9427,1,am
60196,Fis-26520,7,21332.6318,0.06780466432480958,am
NA,Fis-26523,1,9482.9535,0.540820169357215,am
NA,Fis-26523,2,34026.0479,0.7416704219682216,am
NA,Fis-26523,3,14026.8327,0.6919722374881583,am
NA,Fis-26523,4,10715.4259,0.7833310603136703,am
NA,Fis-26523,5,21869.5701,0.7774693064317361,am
NA,Fis-26523,6,3695.6109,0.45299502792966706,am
NA,Fis-26523,7,304663.21,0.9683562197032327,am
NA,Fis-26523,8,3113.0440000000003,0.9765895990568154,am
198614,Fis-26531,4,239.6652,0.01752027376124059,am
198614,Fis-26531,5,27336.4967,0.9718200692761877,am
198614,Fis-26531,6,7267.2811,0.8907978393686526,am
198614,Fis-26531,7,133112.7776,0.4230920632357716,am
190356,Fis-26565,2,20622.5219,0.4495119316992995,am
190356,Fis-26565,3,3387.879,0.16713097404869912,am
190356,Fis-26565,4,5378.456999999999,0.3931819849233881,am
190356,Fis-26565,5,18485.6999,0.6571717786148075,am
190356,Fis-26565,7,185376.8791,0.5892108005612466,am
NA,Fis-26609,2,20752.4332,0.4523436260815742,am
NA,Fis-26609,3,58.043099999999995,0.002863384388818505,am
NA,Fis-26609,4,39.9442,0.002920045626873432,am
NA,Fis-26609,5,7066.6297,0.2512206534717803,am
NA,Fis-26609,7,310673.2386,0.9874587840575055,am
183593,Fis-26911,1,17149.9918,0.9780772909780533,am
183593,Fis-26911,2,33024.8441,0.7198470457417341,am
183593,Fis-26911,3,17631.9058,0.8698178390340704,am
183593,Fis-26911,4,11296.0492,0.8257764348117406,am
183593,Fis-26911,5,16713.9035,0.594183923254713,am
183593,Fis-26911,6,4429.3197,0.5429304803736034,am
183593,Fis-26911,7,2383.6401,0.007576276493538671,am
183593,Fis-26911,8,3055.63,0.9585783164535987,am
NA,Fis-26926,1,1666.0459999999998,0.09501589139680064,am
NA,Fis-26926,2,22076.9438,0.48121416486675533,am
NA,Fis-26926,3,4809.2844,0.23725179861772322,am
NA,Fis-26926,5,5908.252,0.21004000369737114,am
NA,Fis-26926,7,5485.7695,0.017436233981724582,am
NA,Fis-26926,8,1362.5280000000002,0.42743715579467706,am
63107,Fis-26997,1,17149.9918,0.9780772909780533,am
63107,Fis-26997,2,33024.8441,0.7198470457417341,am
63107,Fis-26997,3,17631.9058,0.8698178390340704,am
63107,Fis-26997,4,11296.0492,0.8257764348117406,am
63107,Fis-26997,5,18405.1027,0.6543065257132729,am
63107,Fis-26997,6,7860.243100000001,0.9634810425032768,am
63107,Fis-26997,7,2383.6401,0.007576276493538671,am
63107,Fis-26997,8,3055.63,0.9585783164535987,am
NA,Fis-27016,1,15787.6476,0.9003817480265014,am
NA,Fis-27016,2,41268.6262,0.8995378921982534,am
NA,Fis-27016,3,19234.9173,0.9488976625479167,am
NA,Fis-27016,4,11566.724699999999,0.845563658240343,am
NA,Fis-27016,5,21257.540100000002,0.7557114695177213,am
NA,Fis-27016,6,118.5924,0.014536640626924833,am
NA,Fis-27016,7,297945.3843,0.9470039589577453,am
NA,Fis-27016,8,3113.0440000000003,0.9765895990568154,am
NA,Fis-27025,1,2980.8504,0.17000020280142913,am
NA,Fis-27025,2,34358.5011,0.7489169498592462,am
NA,Fis-27025,3,6088.113,0.3003390191351426,am
NA,Fis-27025,4,5813.2958,0.4249700576932743,am
NA,Fis-27025,5,19372.5429,0.6886992941979254,am
NA,Fis-27025,7,312226.8677,0.9923969136140638,am
NA,Fis-27025,8,338.06399999999996,0.10605368450158212,am
NA,Fis-27028,1,13655.9509,0.7788094372150841,am
NA,Fis-27028,2,41268.6262,0.8995378921982534,am
NA,Fis-27028,3,18586.0233,0.916886399372828,am
NA,Fis-27028,4,7594.994,0.5552177541628059,am
NA,Fis-27028,5,14750.7895,0.5243946739440267,am
NA,Fis-27028,7,302627.2633,0.9618850686576921,am
NA,Fis-27028,8,3113.0440000000003,0.9765895990568154,am
NA,Fis-27194,1,15093.991100000001,0.8608219815670609,am
NA,Fis-27194,2,45284.9137,0.9870814603970948,am
NA,Fis-27194,3,19166.0333,0.9454994744732038,am
NA,Fis-27194,4,8670.8461,0.633865898818791,am
NA,Fis-27194,5,14526.6007,0.5164246996807574,am
NA,Fis-27194,7,89769.232,0.28532685041026934,am
NA,Fis-27194,8,3169.1740000000004,0.9941980794364884,am
60471877,Fis-27226,2,20131.2352,0.438803288275084,am
60471877,Fis-27226,3,5283.5344,0.26064751742662856,am
60471877,Fis-27226,4,1583.5043,0.1157591041089889,am
60471877,Fis-27226,5,9359.4634,0.33273152992482546,am
60471877,Fis-27226,7,62300.950600000004,0.19802034189469037,am
18139045,Fis-27245,2,20622.5219,0.4495119316992995,am
18139045,Fis-27245,3,3387.879,0.16713097404869912,am
18139045,Fis-27245,4,5378.456999999999,0.3931819849233881,am
18139045,Fis-27245,5,14750.7895,0.5243946739440267,am
18139045,Fis-27245,7,314618.9427,1,am
195838,Fis-27254,2,19298.6979,0.42065635882826796,am
195838,Fis-27254,3,3387.879,0.16713097404869912,am
195838,Fis-27254,4,5378.456999999999,0.3931819849233881,am
195838,Fis-27254,5,12712.7095,0.4519403624597606,am
195838,Fis-27254,7,146189.8896,0.46465698582998893,am
21110056,Fis-27275,1,17410.6338,0.9929419057398575,am
21110056,Fis-27275,2,45877.585100000004,0.9999999999999999,am
21110056,Fis-27275,3,19704.1541,0.9720460699861678,am
21110056,Fis-27275,4,12859.9962,0.9401058392812711,am
21110056,Fis-27275,5,28049.286500000002,0.9971599451358241,am
21110056,Fis-27275,6,7860.243100000001,0.9634810425032768,am
21110056,Fis-27275,7,314618.9427,1,am
21110056,Fis-27275,8,3187.6686000000004,1,am
194989,Fis-27300,1,9009.130000000001,0.5137976488402233,am
194989,Fis-27300,2,35717.7281,0.7785442067655823,am
194989,Fis-27300,3,12923.5946,0.637547254110465,am
194989,Fis-27300,4,4435.1042,0.3242199524320925,am
194989,Fis-27300,5,9536.6118,0.33902920487013644,am
194989,Fis-27300,7,8878.3063,0.028219236336528442,am
194989,Fis-27300,8,2514.324,0.7887658083403024,am
15147816,Fis-27598,1,8051.976500000001,0.4592104447617839,am
15147816,Fis-27598,2,35615.2839,0.7763112165204179,am
15147816,Fis-27598,3,14876.369200000001,0.733881604007719,am
15147816,Fis-27598,4,6743.6952,0.4929851562361332,am
15147816,Fis-27598,5,14750.7895,0.5243946739440267,am
15147816,Fis-27598,7,314618.9427,1,am
15147816,Fis-27598,8,2514.324,0.7887658083403024,am
67899637,Fis-27745,1,75.69600000000001,0.004317001400424852,am
67899637,Fis-27745,2,24241.8937,0.5284038740740082,am
67899637,Fis-27745,3,6048.9984,0.29840941621912187,am
67899637,Fis-27745,4,1956.5665,0.14303111470531532,am
67899637,Fis-27745,5,5928.017400000001,0.21074266917086146,am
67899637,Fis-27745,7,6907.8895,0.021956368681166506,am
67899637,Fis-27745,8,113.544,0.03561976298288975,am
NA,Fis-27841,2,10435.2382,0.2274583149320996,am
NA,Fis-27841,5,20.7833,7.38852101915012e-4,am
NA,Fis-27841,7,20707.8433,0.06581880646565405,am
15148858,Fis-27984,2,13734.8875,0.29938122222566593,am
15148858,Fis-27984,3,586.0902,0.02891302375509777,am
15148858,Fis-27984,4,1563.947,0.11432940446953056,am
15148858,Fis-27984,5,9583.6522,0.34070150418809475,am
15148858,Fis-27984,7,312095.6362,0.9919798010941571,am
18155933,Fis-28109,1,17225.6878,0.9823942923784781,am
18155933,Fis-28109,2,45877.585100000004,0.9999999999999999,am
18155933,Fis-28109,3,19552.9873,0.9645887037319938,am
18155933,Fis-28109,4,12859.9962,0.9401058392812711,am
18155933,Fis-28109,5,27988.7549,0.9950080299013676,am
18155933,Fis-28109,6,7860.243100000001,0.9634810425032768,am
18155933,Fis-28109,7,314618.9427,1,am
18155933,Fis-28109,8,3169.1740000000004,0.9941980794364884,am
21104612,Fis-28112,1,16347.492100000001,0.9323101126761546,am
21104612,Fis-28112,2,42913.6192,0.9353940297088567,am
21104612,Fis-28112,3,19234.9173,0.9488976625479167,am
21104612,Fis-28112,4,12427.2459,0.9084704423765099,am
21104612,Fis-28112,5,27810.8663,0.9886840406399549,am
21104612,Fis-28112,6,7213.7733,0.88423904083403,am
21104612,Fis-28112,7,314618.9427,1,am
21104612,Fis-28112,8,3113.0440000000003,0.9765895990568154,am
NA,Fis-28129,1,17498.7148,0.9979652332651009,am
NA,Fis-28129,2,45877.585100000004,0.9999999999999999,am
NA,Fis-28129,3,20063.0681,0.9897520289120075,am
NA,Fis-28129,4,13028.3017,0.9524094963642455,am
NA,Fis-28129,5,17792.8867,0.6325420764474681,am
NA,Fis-28129,7,314618.9427,1,am
NA,Fis-28129,8,3187.6686000000004,1,am
154635,Fis-28135,1,16908.5476,0.9643075415920295,am
154635,Fis-28135,2,45877.585100000004,0.9999999999999999,am
154635,Fis-28135,3,19552.9873,0.9645887037319938,am
154635,Fis-28135,4,12859.9962,0.9401058392812711,am
154635,Fis-28135,5,27453.4016,0.9759760710222609,am
154635,Fis-28135,6,7860.243100000001,0.9634810425032768,am
154635,Fis-28135,7,274282.3665,0.8717922835356346,am
154635,Fis-28135,8,3169.1740000000004,0.9941980794364884,am
NA,Fis-28136,1,17410.6338,0.9929419057398575,am
NA,Fis-28136,2,45877.585100000004,0.9999999999999999,am
NA,Fis-28136,3,19704.1541,0.9720460699861678,am
NA,Fis-28136,4,12859.9962,0.9401058392812711,am
NA,Fis-28136,5,23281.0337,0.827647230420541,am
NA,Fis-28136,6,4429.3197,0.5429304803736034,am
NA,Fis-28136,7,314618.9427,1,am
NA,Fis-28136,8,3187.6686000000004,1,am
NA,Fis-28156,1,13655.9509,0.7788094372150841,am
NA,Fis-28156,2,41268.6262,0.8995378921982534,am
NA,Fis-28156,3,18847.9633,0.9298084332891268,am
NA,Fis-28156,4,7594.994,0.5552177541628059,am
NA,Fis-28156,5,14750.7895,0.5243946739440267,am
NA,Fis-28156,7,189721.3211,0.6030193842489192,am
NA,Fis-28156,8,3113.0440000000003,0.9765895990568154,am
18253303,Fis-28170,1,16347.492100000001,0.9323101126761546,am
18253303,Fis-28170,2,42913.6192,0.9353940297088567,am
18253303,Fis-28170,3,19234.9173,0.9488976625479167,am
18253303,Fis-28170,4,12427.2459,0.9084704423765099,am
18253303,Fis-28170,5,27810.8663,0.9886840406399549,am
18253303,Fis-28170,6,7213.7733,0.88423904083403,am
18253303,Fis-28170,7,314618.9427,1,am
18253303,Fis-28170,8,3113.0440000000003,0.9765895990568154,am
NA,Fis-28175,2,10913.6532,0.23788639215013954,am
NA,Fis-28175,5,2023.7577000000001,0.07194514973135596,am
NA,Fis-28175,7,41157.453,0.13081683082014883,am
18257501,Fis-28178,2,22856.9069,0.49821512728227707,am
18257501,Fis-28178,3,2052.8877,0.10127313310587349,am
18257501,Fis-28178,4,9902.0201,0.7238685588951042,am
18257501,Fis-28178,5,20097.1652,0.7144598187272105,am
18257501,Fis-28178,7,313746.0441,0.9972255370496482,am
NA,Fis-28181,1,14833.5943,0.8459713507508203,am
NA,Fis-28181,2,39808.0903,0.8677023913361995,am
NA,Fis-28181,3,19259.157,0.9500934563385594,am
NA,Fis-28181,4,7242.333,0.5294371349285039,am
NA,Fis-28181,5,9037.3093,0.321278861969037,am
NA,Fis-28181,7,6053.3460000000005,0.019240246464663997,am
NA,Fis-28181,8,3187.6686000000004,1,am
NA,Fis-28186,1,14833.5943,0.8459713507508203,am
NA,Fis-28186,2,42722.4538,0.9312271713272894,am
NA,Fis-28186,3,19317.200100000002,0.9529568407273779,am
NA,Fis-28186,4,7242.333,0.5294371349285039,am
NA,Fis-28186,5,9037.3093,0.321278861969037,am
NA,Fis-28186,7,6843.4794,0.021751644517239044,am
NA,Fis-28186,8,3187.6686000000004,1,am
NA,Fis-28189,1,16366.2021,0.9333771584408178,am
NA,Fis-28189,2,42913.6192,0.9353940297088567,am
NA,Fis-28189,3,19552.9873,0.9645887037319938,am
NA,Fis-28189,4,12763.2577,0.9330339531532401,am
NA,Fis-28189,5,21936.591500000002,0.7798519358632165,am
NA,Fis-28189,6,812.6551,0.09961241312544196,am
NA,Fis-28189,7,191592.3211,0.6089662607590982,am
NA,Fis-28189,8,3169.1740000000004,0.9941980794364884,am
NA,Fis-28224,1,13291.9979,0.7580529162537543,am
NA,Fis-28224,2,39586.4554,0.862871385093894,am
NA,Fis-28224,3,14026.8327,0.6919722374881583,am
NA,Fis-28224,4,10715.4259,0.7833310603136703,am
NA,Fis-28224,5,21257.540100000002,0.7557114695177213,am
NA,Fis-28224,6,592.962,0.07268320313462416,am
NA,Fis-28224,7,314618.9427,1,am
NA,Fis-28224,8,3113.0440000000003,0.9765895990568154,am
190317,Fis-28239,5,20.7833,7.38852101915012e-4,am
190317,Fis-28239,7,33672.4076,0.10702600202972458,am
20431538,Fis-28451,5,6138.4785,0.21822461987678138,am
20431538,Fis-28451,7,95634.16440000001,0.3039682340144105,am
154663,Fis-28541,1,15093.991100000001,0.8608219815670609,am
154663,Fis-28541,2,45877.585100000004,0.9999999999999999,am
154663,Fis-28541,3,19166.0333,0.9454994744732038,am
154663,Fis-28541,4,8670.8461,0.633865898818791,am
154663,Fis-28541,5,14750.7895,0.5243946739440267,am
154663,Fis-28541,7,299763.1687,0.9527816924419408,am
154663,Fis-28541,8,3169.1740000000004,0.9941980794364884,am
161486,Fis-28825,2,7915.404600000001,0.17253315715608578,am
161486,Fis-28825,4,39.9442,0.002920045626873432,am
161486,Fis-28825,5,3176.0977000000003,0.11291115758962414,am
161486,Fis-28825,7,236140.2612,0.7505595790688543,am
NA,Fis-28931,1,11127.9465,0.6346353918879838,am
NA,Fis-28931,2,33298.6279,0.7258147486930387,am
NA,Fis-28931,3,18586.0233,0.916886399372828,am
NA,Fis-28931,4,10675.4817,0.7804110146867967,am
NA,Fis-28931,5,21820.6196,0.7757291025269284,am
NA,Fis-28931,6,4631.0917,0.5676629847547937,am
NA,Fis-28931,7,8917.420900000001,0.028343560064986513,am
NA,Fis-28931,8,3113.0440000000003,0.9765895990568154,am
NA,Fis-29256,2,8405.9109,0.18322479009471662,am
NA,Fis-29256,5,2023.7577000000001,0.07194514973135596,am
NA,Fis-29256,7,77664.7317,0.24685332368577692,am
154820,Fis-29263,1,17225.6878,0.9823942923784781,am
154820,Fis-29263,2,45877.585100000004,0.9999999999999999,am
154820,Fis-29263,3,19552.9873,0.9645887037319938,am
154820,Fis-29263,4,12859.9962,0.9401058392812711,am
154820,Fis-29263,5,27474.1849,0.976714923124176,am
154820,Fis-29263,6,7698.8255,0.9436950389983245,am
154820,Fis-29263,7,314618.9427,1,am
154820,Fis-29263,8,3169.1740000000004,0.9941980794364884,am
NA,Fis-29299,1,4358.645100000001,0.24857689971273142,am
NA,Fis-29299,2,37389.9177,0.8149931522877824,am
NA,Fis-29299,3,13163.5597,0.6493852214347684,am
NA,Fis-29299,4,1872.2613999999999,0.1368681489035687,am
NA,Fis-29299,5,7335.7057,0.2607863801934695,am
NA,Fis-29299,7,27103.8547,0.08614819714096,am
NA,Fis-29299,8,2195.184,0.6886487510025352,am
170350,Fis-29358,5,20.7833,7.38852101915012e-4,am
170350,Fis-29358,7,33672.4076,0.10702600202972458,am
NA,Fis-29393,1,17498.7148,0.9979652332651009,am
NA,Fis-29393,2,44656.6084,0.9733862037999903,am
NA,Fis-29393,3,20063.0681,0.9897520289120075,am
NA,Fis-29393,4,13581.3195,0.9928368226963079,am
NA,Fis-29393,5,25902.011700000003,0.9208237281072897,am
NA,Fis-29393,6,7028.2478,0.861497975465334,am
NA,Fis-29393,7,29792.0611,0.09469252183079058,am
NA,Fis-29393,8,3187.6686000000004,1,am
NA,Fis-29417,3,1994.8446000000001,0.09840974871705499,am
NA,Fis-29417,4,11298.2909,0.8259403100747765,am
NA,Fis-29417,5,24953.0772,0.8870888424103759,am
NA,Fis-29417,6,8158.171,1,am
NA,Fis-29417,7,8063.3065,0.025628801720590105,am
NA,Fis-29418,1,17410.6338,0.9929419057398575,am
NA,Fis-29418,2,44656.6084,0.9733862037999903,am
NA,Fis-29418,3,19704.1541,0.9720460699861678,am
NA,Fis-29418,4,12820.052,0.9371857936543977,am
NA,Fis-29418,5,24089.9636,0.8564049136044868,am
NA,Fis-29418,6,4631.0917,0.5676629847547937,am
NA,Fis-29418,7,27671.4312,0.08795220962389942,am
NA,Fis-29418,8,3187.6686000000004,1,am
60225,Fis-29423,1,4520.03,0.25778080532607195,am
60225,Fis-29423,2,28960.5699,0.6312575048768205,am
60225,Fis-29423,3,19648.6703,0.9693089410810555,am
60225,Fis-29423,4,13172.913,0.9629810335126046,am
60225,Fis-29423,5,28129.1749,1,am
60225,Fis-29423,6,7860.243100000001,0.9634810425032768,am
60225,Fis-29423,7,271657.4519,0.8634491285511525,am
60225,Fis-29423,8,3169.1740000000004,0.9941980794364884,am
135567,Fis-29454,1,17423.0188,0.993648231864676,am
135567,Fis-29454,2,33024.8441,0.7198470457417341,am
135567,Fis-29454,3,18141.9866,0.8949811642140841,am
135567,Fis-29454,4,12057.3167,0.8814274638536508,am
135567,Fis-29454,5,18545.5227,0.6592984958119052,am
135567,Fis-29454,6,8158.171,1,am
135567,Fis-29454,7,2383.6401,0.007576276493538671,am
135567,Fis-29454,8,3074.1246,0.9643802370171103,am
NA,Fis-29457,1,17516.7743,0.9989951805118639,am
NA,Fis-29457,2,42972.212400000004,0.9366711937067498,am
NA,Fis-29457,3,20063.0681,0.9897520289120075,am
NA,Fis-29457,4,12115.3598,0.8856705955304693,am
NA,Fis-29457,5,23939.204700000002,0.8510453927320847,am
NA,Fis-29457,6,6730.3199,0.8249790179686108,am
NA,Fis-29457,7,4994.0194,0.015873231780458845,am
NA,Fis-29457,8,3187.6686000000004,1,am
195097,Fis-29523,1,16908.5476,0.9643075415920295,am
195097,Fis-29523,2,42972.212400000004,0.9366711937067498,am
195097,Fis-29523,3,19552.9873,0.9645887037319938,am
195097,Fis-29523,4,11495.770199999999,0.8403766629461077,am
195097,Fis-29523,5,24812.6572,0.8820968723117435,am
195097,Fis-29523,6,7860.243100000001,0.9634810425032768,am
195097,Fis-29523,7,8265.1627,0.026270391188368835,am
195097,Fis-29523,8,3169.1740000000004,0.9941980794364884,am
23148,Fis-29576,1,17498.7148,0.9979652332651009,am
23148,Fis-29576,2,45877.585100000004,0.9999999999999999,am
23148,Fis-29576,3,20063.0681,0.9897520289120075,am
23148,Fis-29576,4,13621.2637,0.9957568683231813,am
23148,Fis-29576,5,26437.975700000003,0.9398773975414402,am
23148,Fis-29576,6,4429.3197,0.5429304803736034,am
23148,Fis-29576,7,314618.9427,1,am
23148,Fis-29576,8,3187.6686000000004,1,am
233,Fis-29588,1,15586.2265,0.8888945469752554,am
233,Fis-29588,2,31198.594100000002,0.6800400246001614,am
233,Fis-29588,3,17130.5106,0.845082992199416,am
233,Fis-29588,4,12057.3167,0.8814274638536508,am
233,Fis-29588,5,16981.229900000002,0.6036874512092425,am
233,Fis-29588,6,8158.171,1,am
233,Fis-29588,7,2383.6401,0.007576276493538671,am
233,Fis-29588,8,1825.1406000000002,0.572562844205323,am
234,Fis-29594,1,17334.9378,0.9886249043394326,am
234,Fis-29594,2,33024.8441,0.7198470457417341,am
234,Fis-29594,3,17783.0726,0.8772752052882444,am
234,Fis-29594,4,11296.0492,0.8257764348117406,am
234,Fis-29594,5,18465.6343,0.6564584409477293,am
234,Fis-29594,6,7860.243100000001,0.9634810425032768,am
234,Fis-29594,7,2383.6401,0.007576276493538671,am
234,Fis-29594,8,3074.1246,0.9643802370171103,am
60469186,Fis-29601,2,21352.2119,0.46541708447509367,am
60469186,Fis-29601,3,1921.0815,0.09477086469792338,am
60469186,Fis-29601,4,1563.947,0.11432940446953056,am
60469186,Fis-29601,5,9583.6522,0.34070150418809475,am
60469186,Fis-29601,7,312095.6362,0.9919798010941571,am
NA,Fis-29620,1,17516.7743,0.9989951805118639,am
NA,Fis-29620,2,40057.8489,0.8731464137156599,am
NA,Fis-29620,3,20005.025,0.986888644523189,am
NA,Fis-29620,4,12115.3598,0.8856705955304693,am
NA,Fis-29620,5,22415.6947,0.7968841880250103,am
NA,Fis-29620,6,8158.171,1,am
NA,Fis-29620,7,6053.3460000000005,0.019240246464663997,am
NA,Fis-29620,8,3187.6686000000004,1,am
NA,Fis-29627,1,12480.7338,0.7117858974441157,am
NA,Fis-29627,2,30235.2395,0.6590416525650997,am
NA,Fis-29627,3,13922.7059,0.6868354502804174,am
NA,Fis-29627,4,3397.5187,0.24836921560966818,am
NA,Fis-29627,5,19.7654,7.026654734903013e-4,am
NA,Fis-29627,7,2324.5534000000002,0.007388472480554172,am
NA,Fis-29627,8,1226.4206000000001,0.38473905348881,am
NA,Fis-29628,1,17410.6338,0.9929419057398575,am
NA,Fis-29628,2,40057.8489,0.8731464137156599,am
NA,Fis-29628,3,19646.111,0.9691826855973493,am
NA,Fis-29628,4,11296.0492,0.8257764348117406,am
NA,Fis-29628,5,22335.8063,0.7940441331608343,am
NA,Fis-29628,6,6730.3199,0.8249790179686108,am
NA,Fis-29628,7,6053.3460000000005,0.019240246464663997,am
NA,Fis-29628,8,3187.6686000000004,1,am
NA,Fis-29639,1,15744.587800000001,0.8979260143430569,am
NA,Fis-29639,2,31198.594100000002,0.6800400246001614,am
NA,Fis-29639,3,9422.995200000001,0.4648555530561205,am
NA,Fis-29639,4,10947.7906,0.800317644750829,am
NA,Fis-29639,5,12371.4536,0.43980862019525496,am
NA,Fis-29639,6,7860.243100000001,0.9634810425032768,am
NA,Fis-29639,7,2363.668,0.007512796209012243,am
NA,Fis-29639,8,1825.1406000000002,0.572562844205323,am
NA,Fis-29640,1,15744.587800000001,0.8979260143430569,am
NA,Fis-29640,2,31198.594100000002,0.6800400246001614,am
NA,Fis-29640,3,9422.995200000001,0.4648555530561205,am
NA,Fis-29640,4,10947.7906,0.800317644750829,am
NA,Fis-29640,5,12371.4536,0.43980862019525496,am
NA,Fis-29640,6,7860.243100000001,0.9634810425032768,am
NA,Fis-29640,7,2363.668,0.007512796209012243,am
NA,Fis-29640,8,1825.1406000000002,0.572562844205323,am
183283,Fis-29645,5,2038.08,0.0724543114842661,am
155287,Fis-29650,1,13394.010900000001,0.7638707965097987,am
155287,Fis-29650,2,39659.5662,0.8644649912054765,am
155287,Fis-29650,3,17299.191300000002,0.8534043548260671,am
155287,Fis-29650,4,7594.994,0.5552177541628059,am
155287,Fis-29650,5,14750.7895,0.5243946739440267,am
155287,Fis-29650,7,314618.9427,1,am
155287,Fis-29650,8,3113.0440000000003,0.9765895990568154,am
NA,Fis-29659,1,15551.7991,0.8869311257375019,am
NA,Fis-29659,2,27777.0633,0.6054604495736633,am
NA,Fis-29659,3,6230.3588,0.3073562942823177,am
NA,Fis-29659,4,10896.2451,0.7965495079034267,am
NA,Fis-29659,5,12965.912,0.4609417818366226,am
NA,Fis-29659,6,8158.171,1,am
NA,Fis-29659,7,1855.1782,0.0058965877390573275,am
NA,Fis-29659,8,992.4846,0.31135124899746475,am
65134524,Fis-29704,1,15850.7283,0.9039792891150632,am
65134524,Fis-29704,2,31198.594100000002,0.6800400246001614,am
65134524,Fis-29704,3,9781.9092,0.4825615119819602,am
65134524,Fis-29704,4,11767.1012,0.8602118054695578,am
65134524,Fis-29704,5,12451.342,0.4426486750594309,am
65134524,Fis-29704,6,8158.171,1,am
65134524,Fis-29704,7,2363.668,0.007512796209012243,am
65134524,Fis-29704,8,1825.1406000000002,0.572562844205323,am
NA,Fis-29725,1,16347.492100000001,0.9323101126761546,am
NA,Fis-29725,2,42913.6192,0.9353940297088567,am
NA,Fis-29725,3,19234.9173,0.9488976625479167,am
NA,Fis-29725,4,12545.8383,0.917139916768297,am
NA,Fis-29725,5,27296.2963,0.9703909338627632,am
NA,Fis-29725,6,4631.0917,0.5676629847547937,am
NA,Fis-29725,7,312762.6925,0.9941000049645136,am
NA,Fis-29725,8,3113.0440000000003,0.9765895990568154,am
NA,Fis-29726,1,13063.666200000001,0.7450309828799778,am
NA,Fis-29726,2,15403.7266,0.3357571364409065,am
NA,Fis-29726,3,55.4838,0.0027371289051123762,am
NA,Fis-29726,8,18.494600000000002,0.005801920563511527,am
NA,Fis-29727,1,13167.5483,0.7509554593540196,am
NA,Fis-29727,2,30948.8355,0.6745960022207009,am
NA,Fis-29727,3,16687.426600000003,0.8232247556728476,am
NA,Fis-29727,4,7242.333,0.5294371349285039,am
NA,Fis-29727,5,1997.0033,0.07099402336184416,am
NA,Fis-29727,7,2383.6401,0.007576276493538671,am
NA,Fis-29727,8,1825.1406000000002,0.572562844205323,am
NA,Fis-29728,1,17516.7743,0.9989951805118639,am
NA,Fis-29728,2,42972.212400000004,0.9366711937067498,am
NA,Fis-29728,3,20063.0681,0.9897520289120075,am
NA,Fis-29728,4,12315.0808,0.9002708236648366,am
NA,Fis-29728,5,24953.0772,0.8870888424103759,am
NA,Fis-29728,6,6730.3199,0.8249790179686108,am
NA,Fis-29728,7,8265.1627,0.026270391188368835,am
NA,Fis-29728,8,3187.6686000000004,1,am
198578,Fis-29731,1,16347.492100000001,0.9323101126761546,am
198578,Fis-29731,2,40008.2465,0.8720652234156064,am
198578,Fis-29731,3,19234.9173,0.9488976625479167,am
198578,Fis-29731,4,12387.3017,0.9055503967496364,am
198578,Fis-29731,5,24634.7686,0.8757728830503307,am
198578,Fis-29731,6,7213.7733,0.88423904083403,am
198578,Fis-29731,7,12280.5177,0.03903298890591561,am
198578,Fis-29731,8,3113.0440000000003,0.9765895990568154,am
NA,Fis-29735,1,15744.587800000001,0.8979260143430569,am
NA,Fis-29735,2,31198.594100000002,0.6800400246001614,am
NA,Fis-29735,3,9422.995200000001,0.4648555530561205,am
NA,Fis-29735,4,10947.7906,0.800317644750829,am
NA,Fis-29735,5,12886.0236,0.45810172697244667,am
NA,Fis-29735,6,7860.243100000001,0.9634810425032768,am
NA,Fis-29735,7,2363.668,0.007512796209012243,am
NA,Fis-29735,8,1825.1406000000002,0.572562844205323,am
NA,Fis-29736,1,3275.1059999999998,0.1867818271578397,am
NA,Fis-29736,2,32157.261300000002,0.7009362247360312,am
NA,Fis-29736,3,6088.113,0.3003390191351426,am
NA,Fis-29736,4,5813.2958,0.4249700576932743,am
NA,Fis-29736,5,19434.2913,0.6908944670111884,am
NA,Fis-29736,6,2104.0439,0.2579063248367802,am
NA,Fis-29736,7,314618.9427,1,am
NA,Fis-29736,8,338.06399999999996,0.10605368450158212,am
NA,Fis-29743,1,14234.5054,0.8118048476294006,am
NA,Fis-29743,2,37093.883,0.8085404434245166,am
NA,Fis-29743,3,19107.9902,0.9426360900843853,am
NA,Fis-29743,4,7010.1606,0.5124646082212294,am
NA,Fis-29743,5,5146.777300000001,0.18296936608688086,am
NA,Fis-29743,7,6012.1804,0.019109403739026677,am
NA,Fis-29743,8,3169.1740000000004,0.9941980794364884,am
NA,Fis-29800,1,17225.6878,0.9823942923784781,am
NA,Fis-29800,2,45877.585100000004,0.9999999999999999,am
NA,Fis-29800,3,19552.9873,0.9645887037319938,am
NA,Fis-29800,4,12763.2577,0.9330339531532401,am
NA,Fis-29800,5,27474.1849,0.976714923124176,am
NA,Fis-29800,6,6083.8501,0.7457370162993642,am
NA,Fis-29800,7,314618.9427,1,am
NA,Fis-29800,8,3169.1740000000004,0.9941980794364884,am
190324,Fis-29801,1,13291.9979,0.7580529162537543,am
190324,Fis-29801,2,39586.4554,0.862871385093894,am
190324,Fis-29801,3,14026.8327,0.6919722374881583,am
190324,Fis-29801,4,10715.4259,0.7833310603136703,am
190324,Fis-29801,5,21909.9245,0.7789039165880404,am
190324,Fis-29801,6,6480.0645,0.7943035883900939,am
190324,Fis-29801,7,314618.9427,1,am
190324,Fis-29801,8,3113.0440000000003,0.9765895990568154,am
62223,Fis-29858,1,13612.8911,0.7763537035316397,am
62223,Fis-29858,2,29055.2949,0.6333222386633424,am
62223,Fis-29858,3,4514.9138,0.22272989712439953,am
62223,Fis-29858,7,170.316,5.413405770751769e-4,am
62223,Fis-29858,8,1825.1406000000002,0.572562844205323,am
190067,Fis-29877,1,17225.6878,0.9823942923784781,am
190067,Fis-29877,2,45877.585100000004,0.9999999999999999,am
190067,Fis-29877,3,19552.9873,0.9645887037319938,am
190067,Fis-29877,4,12859.9962,0.9401058392812711,am
190067,Fis-29877,5,27474.1849,0.976714923124176,am
190067,Fis-29877,6,7698.8255,0.9436950389983245,am
190067,Fis-29877,7,314618.9427,1,am
190067,Fis-29877,8,3169.1740000000004,0.9941980794364884,am
198757,Fis-29880,1,17225.6878,0.9823942923784781,am
198757,Fis-29880,2,45877.585100000004,0.9999999999999999,am
198757,Fis-29880,3,19552.9873,0.9645887037319938,am
198757,Fis-29880,4,12859.9962,0.9401058392812711,am
198757,Fis-29880,5,27988.7549,0.9950080299013676,am
198757,Fis-29880,6,7860.243100000001,0.9634810425032768,am
198757,Fis-29880,7,314618.9427,1,am
198757,Fis-29880,8,3169.1740000000004,0.9941980794364884,am
192929,Fis-29881,1,17410.6338,0.9929419057398575,am
192929,Fis-29881,2,36641.6641,0.798683366182672,am
192929,Fis-29881,3,17783.0726,0.8772752052882444,am
192929,Fis-29881,4,11296.0492,0.8257764348117406,am
192929,Fis-29881,5,20483.3543,0.7281889487629444,am
192929,Fis-29881,6,7860.243100000001,0.9634810425032768,am
192929,Fis-29881,7,2383.6401,0.007576276493538671,am
192929,Fis-29881,8,3187.6686000000004,1,am
NA,Fis-29938,1,15482.6478,0.8829873736377715,am
NA,Fis-29938,2,29589.5341,0.6449671236073844,am
NA,Fis-29938,3,8358.8717,0.4123601725944479,am
NA,Fis-29938,4,10096.4918,0.7380850468241563,am
NA,Fis-29938,5,12886.0236,0.45810172697244667,am
NA,Fis-29938,6,7860.243100000001,0.9634810425032768,am
NA,Fis-29938,7,2363.668,0.007512796209012243,am
NA,Fis-29938,8,1825.1406000000002,0.572562844205323,am
183856,Fis-29948,3,1994.8446000000001,0.09840974871705499,am
183856,Fis-29948,4,9774.2881,0.7145309512321194,am
183856,Fis-29948,5,22415.6947,0.7968841880250103,am
183856,Fis-29948,6,8158.171,1,am
183856,Fis-29948,7,2036.425,0.006472671297296302,am
190163,Fis-30017,1,15588.7883,0.8890406484097778,am
190163,Fis-30017,2,29589.5341,0.6449671236073844,am
190163,Fis-30017,3,8717.7857,0.43006613152028755,am
190163,Fis-30017,4,10915.8024,0.7979792075428851,am
190163,Fis-30017,5,12965.912,0.4609417818366226,am
190163,Fis-30017,6,8158.171,1,am
190163,Fis-30017,7,2363.668,0.007512796209012243,am
190163,Fis-30017,8,1825.1406000000002,0.572562844205323,am
8951,Fis-30039,1,15832.668800000001,0.9029493418683002,am
8951,Fis-30039,2,31198.594100000002,0.6800400246001614,am
8951,Fis-30039,3,17130.5106,0.845082992199416,am
8951,Fis-30039,4,12057.3167,0.8814274638536508,am
8951,Fis-30039,5,16981.229900000002,0.6036874512092425,am
8951,Fis-30039,6,8158.171,1,am
8951,Fis-30039,7,2383.6401,0.007576276493538671,am
8951,Fis-30039,8,1825.1406000000002,0.572562844205323,am
178917,Fis-30042,3,39.1146,0.0019296029160206863,am
178917,Fis-30042,4,8318.5158,0.6081094547861153,am
178917,Fis-30042,5,6518.9784,0.2317514972684108,am
178917,Fis-30042,7,39.1146,1.2432372845807036e-4,am
178902,Fis-30043,1,15482.6478,0.8829873736377715,am
178902,Fis-30043,2,29589.5341,0.6449671236073844,am
178902,Fis-30043,3,8358.8717,0.4123601725944479,am
178902,Fis-30043,4,10096.4918,0.7380850468241563,am
178902,Fis-30043,5,12371.4536,0.43980862019525496,am
178902,Fis-30043,6,7860.243100000001,0.9634810425032768,am
178902,Fis-30043,7,2363.668,0.007512796209012243,am
178902,Fis-30043,8,1825.1406000000002,0.572562844205323,am
NA,Fis-30057,2,5282.9973,0.115154215037356,am
NA,Fis-30057,4,1389.8169,0.10159995095657917,am
NA,Fis-30057,5,6569.0883,0.23353291816604263,am
NA,Fis-30057,7,1416.9439,0.0045036827339131474,am
NA,Fis-30085,1,1684.7559999999999,0.09608293716146389,am
NA,Fis-30085,2,25810.863400000002,0.5626029213120025,am
NA,Fis-30085,3,6088.113,0.3003390191351426,am
NA,Fis-30085,4,5378.456999999999,0.3931819849233881,am
NA,Fis-30085,5,14750.7895,0.5243946739440267,am
NA,Fis-30085,7,246584.5884,0.7837563316558689,am
NA,Fis-30085,8,338.06399999999996,0.10605368450158212,am
NA,Fis-30134,1,15482.6478,0.8829873736377715,am
NA,Fis-30134,2,29589.5341,0.6449671236073844,am
NA,Fis-30134,3,7299.1277,0.36008084179123306,am
NA,Fis-30134,4,10096.4918,0.7380850468241563,am
NA,Fis-30134,5,12371.4536,0.43980862019525496,am
NA,Fis-30134,6,7860.243100000001,0.9634810425032768,am
NA,Fis-30134,7,2363.668,0.007512796209012243,am
NA,Fis-30134,8,992.4846,0.31135124899746475,am
NA,Fis-30146,1,17429.1284,0.9939966670759954,am
NA,Fis-30146,2,45877.585100000004,0.9999999999999999,am
NA,Fis-30146,3,20063.0681,0.9897520289120075,am
NA,Fis-30146,4,13347.4615,0.9757410733707647,am
NA,Fis-30146,5,22690.7985,0.8066642047150839,am
NA,Fis-30146,6,2230.6742,0.273428223066175,am
NA,Fis-30146,7,292876.6072,0.9308931137031629,am
NA,Fis-30146,8,3187.6686000000004,1,am
NA,Fis-30147,1,17516.7743,0.9989951805118639,am
NA,Fis-30147,2,45877.585100000004,0.9999999999999999,am
NA,Fis-30147,3,20063.0681,0.9897520289120075,am
NA,Fis-30147,4,13679.3068,1,am
NA,Fis-30147,5,22194.3685,0.7890159799888051,am
NA,Fis-30147,6,812.6551,0.09961241312544196,am
NA,Fis-30147,7,314618.9427,1,am
NA,Fis-30147,8,3187.6686000000004,1,am
NA,Fis-30250,1,17516.7743,0.9989951805118639,am
NA,Fis-30250,2,42972.212400000004,0.9366711937067498,am
NA,Fis-30250,3,20063.0681,0.9897520289120075,am
NA,Fis-30250,4,12115.3598,0.8856705955304693,am
NA,Fis-30250,5,23939.204700000002,0.8510453927320847,am
NA,Fis-30250,6,6730.3199,0.8249790179686108,am
NA,Fis-30250,7,6843.4794,0.021751644517239044,am
NA,Fis-30250,8,3187.6686000000004,1,am
190116,Fis-30255,1,17447.1879,0.9950266143227584,am
190116,Fis-30255,2,45877.585100000004,0.9999999999999999,am
190116,Fis-30255,3,20063.0681,0.9897520289120075,am
190116,Fis-30255,4,13679.3068,1,am
190116,Fis-30255,5,28129.1749,1,am
190116,Fis-30255,6,7860.243100000001,0.9634810425032768,am
190116,Fis-30255,7,314618.9427,1,am
190116,Fis-30255,8,3187.6686000000004,1,am
NA,Fis-30256,1,17079.4662,0.9740551614868542,am
NA,Fis-30256,2,45877.585100000004,0.9999999999999999,am
NA,Fis-30256,3,19552.9873,0.9645887037319938,am
NA,Fis-30256,4,12763.2577,0.9330339531532401,am
NA,Fis-30256,5,27988.7549,0.9950080299013676,am
NA,Fis-30256,6,6083.8501,0.7457370162993642,am
NA,Fis-30256,7,257053.3125,0.8170306285248349,am
NA,Fis-30256,8,3169.1740000000004,0.9941980794364884,am
NA,Fis-30257,1,16347.492100000001,0.9323101126761546,am
NA,Fis-30257,2,42913.6192,0.9353940297088567,am
NA,Fis-30257,3,19234.9173,0.9488976625479167,am
NA,Fis-30257,4,12545.8383,0.917139916768297,am
NA,Fis-30257,5,27810.8663,0.9886840406399549,am
NA,Fis-30257,6,7213.7733,0.88423904083403,am
NA,Fis-30257,7,290626.1373,0.9237401117869817,am
NA,Fis-30257,8,3113.0440000000003,0.9765895990568154,am
NA,Fis-30258,1,17516.7743,0.9989951805118639,am
NA,Fis-30258,2,45877.585100000004,0.9999999999999999,am
NA,Fis-30258,3,20063.0681,0.9897520289120075,am
NA,Fis-30258,4,13679.3068,1,am
NA,Fis-30258,5,27614.604900000002,0.9817068932228084,am
NA,Fis-30258,6,8158.171,1,am
NA,Fis-30258,7,236974.1869,0.7532101686768525,am
NA,Fis-30258,8,3187.6686000000004,1,am
NA,Fis-30259,1,17225.6878,0.9823942923784781,am
NA,Fis-30259,2,42972.212400000004,0.9366711937067498,am
NA,Fis-30259,3,19552.9873,0.9645887037319938,am
NA,Fis-30259,4,12820.052,0.9371857936543977,am
NA,Fis-30259,5,24298.0872,0.8638037655345518,am
NA,Fis-30259,6,6568.9023,0.8051930144636585,am
NA,Fis-30259,7,8917.420900000001,0.028343560064986513,am
NA,Fis-30259,8,3169.1740000000004,0.9941980794364884,am
NA,Fis-30260,1,15787.6476,0.9003817480265014,am
NA,Fis-30260,2,38363.2535,0.8362090859050032,am
NA,Fis-30260,3,19234.9173,0.9488976625479167,am
NA,Fis-30260,4,11526.780499999999,0.8426436126134695,am
NA,Fis-30260,5,22956.8944,0.8161239880519923,am
NA,Fis-30260,6,6083.8501,0.7457370162993642,am
NA,Fis-30260,7,8917.420900000001,0.028343560064986513,am
NA,Fis-30260,8,3113.0440000000003,0.9765895990568154,am
154953,Fis-30261,1,6737.5398000000005,0.38424710357242353,am
154953,Fis-30261,2,28495.0277,0.6211100178418065,am
154953,Fis-30261,3,13771.5391,0.6793780840262433,am
154953,Fis-30261,4,464.5544,0.0339603758284009,am
154953,Fis-30261,7,2324.5534000000002,0.007388472480554172,am
154953,Fis-30261,8,983.4060000000001,0.3085032114066061,am
NA,Fis-30263,1,17225.6878,0.9823942923784781,am
NA,Fis-30263,2,42972.212400000004,0.9366711937067498,am
NA,Fis-30263,3,19552.9873,0.9645887037319938,am
NA,Fis-30263,4,12820.052,0.9371857936543977,am
NA,Fis-30263,5,24812.6572,0.8820968723117435,am
NA,Fis-30263,6,6568.9023,0.8051930144636585,am
NA,Fis-30263,7,8917.420900000001,0.028343560064986513,am
NA,Fis-30263,8,3169.1740000000004,0.9941980794364884,am
NA,Fis-30268,1,12258.583200000001,0.699116476981935,am
NA,Fis-30268,2,28769.994300000002,0.6271035024465574,am
NA,Fis-30268,3,4705.442000000001,0.23212904144146204,am
NA,Fis-30268,7,170.316,5.413405770751769e-4,am
NA,Fis-30268,8,2232.3900000000003,0.7003206042183934,am
NA,Fis-30269,1,16366.2021,0.9333771584408178,am
NA,Fis-30269,2,37093.883,0.8085404434245166,am
NA,Fis-30269,3,19494.9442,0.9617253193431753,am
NA,Fis-30269,4,11199.3107,0.8187045486837096,am
NA,Fis-30269,5,19290.1293,0.6857694677706313,am
NA,Fis-30269,6,3009.5861,0.36890451303361993,am
NA,Fis-30269,7,6053.3460000000005,0.019240246464663997,am
NA,Fis-30269,8,3169.1740000000004,0.9941980794364884,am
NA,Fis-30273,1,15093.991100000001,0.8608219815670609,am
NA,Fis-30273,2,45877.585100000004,0.9999999999999999,am
NA,Fis-30273,3,19166.0333,0.9454994744732038,am
NA,Fis-30273,4,8670.8461,0.633865898818791,am
NA,Fis-30273,5,14750.7895,0.5243946739440267,am
NA,Fis-30273,7,314618.9427,1,am
NA,Fis-30273,8,3169.1740000000004,0.9941980794364884,am
16509242,Fis-30341,7,3473.4216,0.011040090498657696,am
195852,Fis-30362,1,16347.492100000001,0.9323101126761546,am
195852,Fis-30362,2,42602.8983,0.9286212037346315,am
195852,Fis-30362,3,19234.9173,0.9488976625479167,am
195852,Fis-30362,4,11566.724699999999,0.845563658240343,am
195852,Fis-30362,5,27810.8663,0.9886840406399549,am
195852,Fis-30362,6,7213.7733,0.88423904083403,am
195852,Fis-30362,7,276797.4787,0.8797864372837078,am
195852,Fis-30362,8,3113.0440000000003,0.9765895990568154,am
NA,Fis-30480,3,1466.7975000000001,0.07236010935077573,am
NA,Fis-30480,4,9148.4545,0.6687805627694525,am
NA,Fis-30480,5,8662.5552,0.3079562493672717,am
NA,Fis-30480,6,4429.3197,0.5429304803736034,am
NA,Fis-30480,7,547.6044,0.001740532198412985,am
NA,Fis-30485,1,15559.641800000001,0.8873784009816774,am
NA,Fis-30485,2,31198.594100000002,0.6800400246001614,am
NA,Fis-30485,3,14685.659800000001,0.7244735207254521,am
NA,Fis-30485,4,11296.0492,0.8257764348117406,am
NA,Fis-30485,5,12310.922,0.43765670496079856,am
NA,Fis-30485,6,7860.243100000001,0.9634810425032768,am
NA,Fis-30485,7,2363.668,0.007512796209012243,am
NA,Fis-30485,8,1806.6460000000002,0.5667609236418114,am
NA,Fis-30487,1,10506.5476,0.5991965322187481,am
NA,Fis-30487,2,6407.588900000001,0.1396670920239871,am
NA,Fis-30487,3,7658.041700000001,0.37778680071707277,am
NA,Fis-30487,4,10915.8024,0.7979792075428851,am
NA,Fis-30487,5,12965.912,0.4609417818366226,am
NA,Fis-30487,6,6588.6677,0.8076157879014794,am
NA,Fis-30487,7,547.6044,0.001740532198412985,am
NA,Fis-30487,8,992.4846,0.31135124899746475,am
NA,Fis-30496,1,16049.0619,0.9152904076543692,am
NA,Fis-30496,2,37093.883,0.8085404434245166,am
NA,Fis-30496,3,19494.9442,0.9617253193431753,am
NA,Fis-30496,4,11199.3107,0.8187045486837096,am
NA,Fis-30496,5,24135.4661,0.8580225401492313,am
NA,Fis-30496,6,7213.7733,0.88423904083403,am
NA,Fis-30496,7,4203.886,0.013361833727883798,am
NA,Fis-30496,8,3169.1740000000004,0.9941980794364884,am
183724,Fis-30514,1,17498.7148,0.9979652332651009,am
183724,Fis-30514,2,40057.8489,0.8731464137156599,am
183724,Fis-30514,3,20005.025,0.986888644523189,am
183724,Fis-30514,4,12057.3167,0.8814274638536508,am
183724,Fis-30514,5,24453.7747,0.8693384995092764,am
183724,Fis-30514,6,8158.171,1,am
183724,Fis-30514,7,4203.886,0.013361833727883798,am
183724,Fis-30514,8,3187.6686000000004,1,am
NA,Fis-30516,1,17003.7702,0.9697381600864293,am
NA,Fis-30516,2,33024.8441,0.7198470457417341,am
NA,Fis-30516,3,17631.9058,0.8698178390340704,am
NA,Fis-30516,4,11199.3107,0.8187045486837096,am
NA,Fis-30516,5,17890.5327,0.6360134189360812,am
NA,Fis-30516,6,6283.5711,0.7702181162910167,am
NA,Fis-30516,7,2383.6401,0.007576276493538671,am
NA,Fis-30516,8,3055.63,0.9585783164535987,am
44566,Fis-30530,7,1089.6432,0.0034633744257382888,am
NA,Fis-30556,1,17516.7743,0.9989951805118639,am
NA,Fis-30556,2,40057.8489,0.8731464137156599,am
NA,Fis-30556,3,20005.025,0.986888644523189,am
NA,Fis-30556,4,12115.3598,0.8856705955304693,am
NA,Fis-30556,5,23939.204700000002,0.8510453927320847,am
NA,Fis-30556,6,8158.171,1,am
NA,Fis-30556,7,6053.3460000000005,0.019240246464663997,am
NA,Fis-30556,8,3187.6686000000004,1,am
190378,Fis-30575,1,17225.6878,0.9823942923784781,am
190378,Fis-30575,2,45877.585100000004,0.9999999999999999,am
190378,Fis-30575,3,19552.9873,0.9645887037319938,am
190378,Fis-30575,4,12859.9962,0.9401058392812711,am
190378,Fis-30575,5,27988.7549,0.9950080299013676,am
190378,Fis-30575,6,7860.243100000001,0.9634810425032768,am
190378,Fis-30575,7,314618.9427,1,am
190378,Fis-30575,8,3169.1740000000004,0.9941980794364884,am
19488,Fis-30583,7,3473.4216,0.011040090498657696,am
190432,Fis-30588,1,16030.351900000001,0.9142233618897059,am
190432,Fis-30588,2,40008.2465,0.8720652234156064,am
190432,Fis-30588,3,19234.9173,0.9488976625479167,am
190432,Fis-30588,4,11181.612299999999,0.8174107404331336,am
190432,Fis-30588,5,24634.7686,0.8757728830503307,am
190432,Fis-30588,6,7213.7733,0.88423904083403,am
190432,Fis-30588,7,8265.1627,0.026270391188368835,am
190432,Fis-30588,8,3113.0440000000003,0.9765895990568154,am
NA,Fis-30630,1,15850.7283,0.9039792891150632,am
NA,Fis-30630,2,31198.594100000002,0.6800400246001614,am
NA,Fis-30630,3,13609.229200000002,0.6713710059444267,am
NA,Fis-30630,4,11767.1012,0.8602118054695578,am
NA,Fis-30630,5,12965.912,0.4609417818366226,am
NA,Fis-30630,6,8158.171,1,am
NA,Fis-30630,7,2363.668,0.007512796209012243,am
NA,Fis-30630,8,1825.1406000000002,0.572562844205323,am
NA,Fis-30631,1,17441.0783,0.994678179111439,am
NA,Fis-30631,2,33024.8441,0.7198470457417341,am
NA,Fis-30631,3,18141.9866,0.8949811642140841,am
NA,Fis-30631,4,12115.3598,0.8856705955304693,am
NA,Fis-30631,5,18545.5227,0.6592984958119052,am
NA,Fis-30631,6,7028.2478,0.861497975465334,am
NA,Fis-30631,7,2383.6401,0.007576276493538671,am
NA,Fis-30631,8,3074.1246,0.9643802370171103,am
NA,Fis-30632,1,17410.6338,0.9929419057398575,am
NA,Fis-30632,2,44656.6084,0.9733862037999903,am
NA,Fis-30632,3,19704.1541,0.9720460699861678,am
NA,Fis-30632,4,12820.052,0.9371857936543977,am
NA,Fis-30632,5,20380.9016,0.7245467267509507,am
NA,Fis-30632,6,3009.5861,0.36890451303361993,am
NA,Fis-30632,7,27671.4312,0.08795220962389942,am
NA,Fis-30632,8,3187.6686000000004,1,am
NA,Fis-30633,1,17225.6878,0.9823942923784781,am
NA,Fis-30633,2,37241.4428,0.8117568245761915,am
NA,Fis-30633,3,18966.897100000002,0.935675679976896,am
NA,Fis-30633,4,11296.0492,0.8257764348117406,am
NA,Fis-30633,5,20422.8227,0.7260370335284879,am
NA,Fis-30633,6,7860.243100000001,0.9634810425032768,am
NA,Fis-30633,7,4233.1001,0.01345468923031887,am
NA,Fis-30633,8,3169.1740000000004,0.9941980794364884,am
NA,Fis-30634,1,17225.6878,0.9823942923784781,am
NA,Fis-30634,2,42972.212400000004,0.9366711937067498,am
NA,Fis-30634,3,19552.9873,0.9645887037319938,am
NA,Fis-30634,4,11296.0492,0.8257764348117406,am
NA,Fis-30634,5,24313.3547,0.864346529410644,am
NA,Fis-30634,6,7698.8255,0.9436950389983245,am
NA,Fis-30634,7,6843.4794,0.021751644517239044,am
NA,Fis-30634,8,3169.1740000000004,0.9941980794364884,am
NA,Fis-30637,1,17225.6878,0.9823942923784781,am
NA,Fis-30637,2,42972.212400000004,0.9366711937067498,am
NA,Fis-30637,3,19552.9873,0.9645887037319938,am
NA,Fis-30637,4,11296.0492,0.8257764348117406,am
NA,Fis-30637,5,24313.3547,0.864346529410644,am
NA,Fis-30637,6,5116.1439,0.6271189829190881,am
NA,Fis-30637,7,6843.4794,0.021751644517239044,am
NA,Fis-30637,8,3169.1740000000004,0.9941980794364884,am
NA,Fis-30639,1,17516.7743,0.9989951805118639,am
NA,Fis-30639,2,40057.8489,0.8731464137156599,am
NA,Fis-30639,3,20005.025,0.986888644523189,am
NA,Fis-30639,4,11841.5576,0.8656548005780527,am
NA,Fis-30639,5,22147.9399,0.7873654303311968,am
NA,Fis-30639,6,4631.0917,0.5676629847547937,am
NA,Fis-30639,7,6053.3460000000005,0.019240246464663997,am
NA,Fis-30639,8,3187.6686000000004,1,am
NA,Fis-30641,1,17149.9918,0.9780772909780533,am
NA,Fis-30641,2,33024.8441,0.7198470457417341,am
NA,Fis-30641,3,17631.9058,0.8698178390340704,am
NA,Fis-30641,4,11296.0492,0.8257764348117406,am
NA,Fis-30641,5,17890.5327,0.6360134189360812,am
NA,Fis-30641,6,7860.243100000001,0.9634810425032768,am
NA,Fis-30641,7,2383.6401,0.007576276493538671,am
NA,Fis-30641,8,3055.63,0.9585783164535987,am
NA,Fis-30642,1,17225.6878,0.9823942923784781,am
NA,Fis-30642,2,40057.8489,0.8731464137156599,am
NA,Fis-30642,3,19494.9442,0.9617253193431753,am
NA,Fis-30642,4,11296.0492,0.8257764348117406,am
NA,Fis-30642,5,21760.704700000002,0.7735991111491862,am
NA,Fis-30642,6,7860.243100000001,0.9634810425032768,am
NA,Fis-30642,7,4203.886,0.013361833727883798,am
NA,Fis-30642,8,3169.1740000000004,0.9941980794364884,am
20085,Fis-30643,1,17498.7148,0.9979652332651009,am
20085,Fis-30643,2,42972.212400000004,0.9366711937067498,am
20085,Fis-30643,3,20063.0681,0.9897520289120075,am
20085,Fis-30643,4,12057.3167,0.8814274638536508,am
20085,Fis-30643,5,24453.7747,0.8693384995092764,am
20085,Fis-30643,6,7028.2478,0.861497975465334,am
20085,Fis-30643,7,6843.4794,0.021751644517239044,am
20085,Fis-30643,8,3187.6686000000004,1,am
NA,Fis-30644,1,5414.5901,0.3087982594116801,am
NA,Fis-30644,2,24197.4337,0.5274347733704057,am
NA,Fis-30644,3,14213.2958,0.7011708421393692,am
NA,Fis-30644,4,11296.0492,0.8257764348117406,am
NA,Fis-30644,5,16239.6879,0.5773254266338257,am
NA,Fis-30644,6,4631.0917,0.5676629847547937,am
NA,Fis-30644,7,2383.6401,0.007576276493538671,am
183750,Fis-30655,1,10543.5368,0.6013060548910241,am
183750,Fis-30655,2,26133.9685,0.5696456873881969,am
183750,Fis-30655,3,8717.7857,0.43006613152028755,am
183750,Fis-30655,4,10915.8024,0.7979792075428851,am
183750,Fis-30655,5,7606.0052000000005,0.27039560268083085,am
183750,Fis-30655,6,3009.5861,0.36890451303361993,am
183750,Fis-30655,7,2363.668,0.007512796209012243,am
183750,Fis-30655,8,1825.1406000000002,0.572562844205323,am
178105,Fis-30668,1,15588.7883,0.8890406484097778,am
178105,Fis-30668,2,29589.5341,0.6449671236073844,am
178105,Fis-30668,3,7658.041700000001,0.37778680071707277,am
178105,Fis-30668,4,10915.8024,0.7979792075428851,am
178105,Fis-30668,5,7707.9092,0.27401831825504414,am
178105,Fis-30668,6,4429.3197,0.5429304803736034,am
178105,Fis-30668,7,2363.668,0.007512796209012243,am
178105,Fis-30668,8,992.4846,0.31135124899746475,am
65374916,Fis-30693,1,15445.6586,0.8808778509654955,am
65374916,Fis-30693,2,27777.0633,0.6054604495736633,am
65374916,Fis-30693,3,7299.1277,0.36008084179123306,am
65374916,Fis-30693,4,10096.4918,0.7380850468241563,am
65374916,Fis-30693,5,12886.0236,0.45810172697244667,am
65374916,Fis-30693,6,7860.243100000001,0.9634810425032768,am
65374916,Fis-30693,7,2363.668,0.007512796209012243,am
65374916,Fis-30693,8,992.4846,0.31135124899746475,am
NA,Fis-30707,1,17225.6878,0.9823942923784781,am
NA,Fis-30707,2,45877.585100000004,0.9999999999999999,am
NA,Fis-30707,3,19552.9873,0.9645887037319938,am
NA,Fis-30707,4,12763.2577,0.9330339531532401,am
NA,Fis-30707,5,27474.1849,0.976714923124176,am
NA,Fis-30707,6,6083.8501,0.7457370162993642,am
NA,Fis-30707,7,314618.9427,1,am
NA,Fis-30707,8,3169.1740000000004,0.9941980794364884,am
NA,Fis-30708,1,17410.6338,0.9929419057398575,am
NA,Fis-30708,2,45877.585100000004,0.9999999999999999,am
NA,Fis-30708,3,19704.1541,0.9720460699861678,am
NA,Fis-30708,4,12859.9962,0.9401058392812711,am
NA,Fis-30708,5,26358.0873,0.9370373426772642,am
NA,Fis-30708,6,4429.3197,0.5429304803736034,am
NA,Fis-30708,7,314618.9427,1,am
NA,Fis-30708,8,3187.6686000000004,1,am
198716,Fis-30711,1,17225.6878,0.9823942923784781,am
198716,Fis-30711,2,45877.585100000004,0.9999999999999999,am
198716,Fis-30711,3,19552.9873,0.9645887037319938,am
198716,Fis-30711,4,12859.9962,0.9401058392812711,am
198716,Fis-30711,5,27474.1849,0.976714923124176,am
198716,Fis-30711,6,7860.243100000001,0.9634810425032768,am
198716,Fis-30711,7,314618.9427,1,am
198716,Fis-30711,8,3169.1740000000004,0.9941980794364884,am
NA,Fis-30736,1,17429.1284,0.9939966670759954,am
NA,Fis-30736,2,45877.585100000004,0.9999999999999999,am
NA,Fis-30736,3,20063.0681,0.9897520289120075,am
NA,Fis-30736,4,13679.3068,1,am
NA,Fis-30736,5,28049.286500000002,0.9971599451358241,am
NA,Fis-30736,6,6568.9023,0.8051930144636585,am
NA,Fis-30736,7,314618.9427,1,am
NA,Fis-30736,8,3187.6686000000004,1,am
NA,Fis-30737,1,5490.2861,0.31311526081210495,am
NA,Fis-30737,2,37050.1747,0.8075877276286715,am
NA,Fis-30737,3,16134.3773,0.7959417068372926,am
NA,Fis-30737,4,13543.8729,0.9900993594207566,am
NA,Fis-30737,5,27614.604900000002,0.9817068932228084,am
NA,Fis-30737,6,5116.1439,0.6271189829190881,am
NA,Fis-30737,7,314618.9427,1,am
NA,Fis-30737,8,113.544,0.03561976298288975,am
NA,Fis-30757,1,17516.7743,0.9989951805118639,am
NA,Fis-30757,2,42972.212400000004,0.9366711937067498,am
NA,Fis-30757,3,20063.0681,0.9897520289120075,am
NA,Fis-30757,4,12115.3598,0.8856705955304693,am
NA,Fis-30757,5,23939.204700000002,0.8510453927320847,am
NA,Fis-30757,6,5135.9093,0.6295417563569089,am
NA,Fis-30757,7,6966.9762,0.022144172694151004,am
NA,Fis-30757,8,3187.6686000000004,1,am
NA,Fis-30759,1,15165.0725,0.8648758087619478,am
NA,Fis-30759,2,27777.0633,0.6054604495736633,am
NA,Fis-30759,3,6230.3588,0.3073562942823177,am
NA,Fis-30759,4,10896.2451,0.7965495079034267,am
NA,Fis-30759,5,12965.912,0.4609417818366226,am
NA,Fis-30759,6,8158.171,1,am
NA,Fis-30759,7,1855.1782,0.0058965877390573275,am
NA,Fis-30759,8,992.4846,0.31135124899746475,am
NA,Fis-30764,1,9974.1118,0.5688313069197056,am
NA,Fis-30764,2,31549.3486,0.6876854684315108,am
NA,Fis-30764,3,2214.108,0.10922645899957381,am
NA,Fis-30764,7,2371.1734,0.0075366517338436145,am
NA,Fis-30764,8,2195.184,0.6886487510025352,am
NA,Fis-30765,1,15427.447600000001,0.8798392635566082,am
NA,Fis-30765,2,31198.594100000002,0.6800400246001614,am
NA,Fis-30765,3,13250.315200000001,0.653665047018587,am
NA,Fis-30765,4,10947.7906,0.800317644750829,am
NA,Fis-30765,5,12886.0236,0.45810172697244667,am
NA,Fis-30765,6,7860.243100000001,0.9634810425032768,am
NA,Fis-30765,7,2363.668,0.007512796209012243,am
NA,Fis-30765,8,1825.1406000000002,0.572562844205323,am
NA,Fis-30766,1,15559.641800000001,0.8873784009816774,am
NA,Fis-30766,2,31198.594100000002,0.6800400246001614,am
NA,Fis-30766,3,16620.4298,0.8199196670194022,am
NA,Fis-30766,4,11296.0492,0.8257764348117406,am
NA,Fis-30766,5,16326.2399,0.5804023743334185,am
NA,Fis-30766,6,6730.3199,0.8249790179686108,am
NA,Fis-30766,7,2383.6401,0.007576276493538671,am
NA,Fis-30766,8,1806.6460000000002,0.5667609236418114,am
NA,Fis-30768,1,15551.7991,0.8869311257375019,am
NA,Fis-30768,2,27777.0633,0.6054604495736633,am
NA,Fis-30768,3,7658.041700000001,0.37778680071707277,am
NA,Fis-30768,4,10915.8024,0.7979792075428851,am
NA,Fis-30768,5,12965.912,0.4609417818366226,am
NA,Fis-30768,6,8158.171,1,am
NA,Fis-30768,7,2363.668,0.007512796209012243,am
NA,Fis-30768,8,992.4846,0.31135124899746475,am
NA,Fis-30769,1,15559.641800000001,0.8873784009816774,am
NA,Fis-30769,2,31198.594100000002,0.6800400246001614,am
NA,Fis-30769,3,13099.1484,0.6462076807644129,am
NA,Fis-30769,4,10947.7906,0.800317644750829,am
NA,Fis-30769,5,12825.492,0.4559498117379902,am
NA,Fis-30769,6,7860.243100000001,0.9634810425032768,am
NA,Fis-30769,7,2363.668,0.007512796209012243,am
NA,Fis-30769,8,1806.6460000000002,0.5667609236418114,am
NA,Fis-30771,1,9974.1118,0.5688313069197056,am
NA,Fis-30771,2,33582.003600000004,0.7319915276011334,am
NA,Fis-30771,3,2592.588,0.12789764857215052,am
NA,Fis-30771,7,2755.0051,0.00875664089503661,am
NA,Fis-30771,8,2195.184,0.6886487510025352,am
NA,Fis-30773,1,17225.6878,0.9823942923784781,am
NA,Fis-30773,2,44656.6084,0.9733862037999903,am
NA,Fis-30773,3,19552.9873,0.9645887037319938,am
NA,Fis-30773,4,12820.052,0.9371857936543977,am
NA,Fis-30773,5,25761.5917,0.9158317580086573,am
NA,Fis-30773,6,7698.8255,0.9436950389983245,am
NA,Fis-30773,7,31768.6011,0.10097485175993505,am
NA,Fis-30773,8,3169.1740000000004,0.9941980794364884,am
NA,Fis-30774,1,16129.6887,0.9198886163907856,am
NA,Fis-30774,2,40057.8489,0.8731464137156599,am
NA,Fis-30774,3,17264.3124,0.8516837076215044,am
NA,Fis-30774,4,3173.7967,0.23201443950361578,am
NA,Fis-30774,7,4016.9210000000003,0.012767575167367696,am
NA,Fis-30774,8,3187.6686000000004,1,am
NA,Fis-30777,1,16347.492100000001,0.9323101126761546,am
NA,Fis-30777,2,42838.7792,0.9337627319882623,am
NA,Fis-30777,3,19234.9173,0.9488976625479167,am
NA,Fis-30777,4,12763.2577,0.9330339531532401,am
NA,Fis-30777,5,27296.2963,0.9703909338627632,am
NA,Fis-30777,6,4631.0917,0.5676629847547937,am
NA,Fis-30777,7,146189.8896,0.46465698582998893,am
NA,Fis-30777,8,3113.0440000000003,0.9765895990568154,am
184042,Fis-30783,5,5022.586,0.17855433079197786,am
184042,Fis-30783,7,41.165600000000005,1.3084272563732065e-4,am
NA,Fis-30787,1,17410.6338,0.9929419057398575,am
NA,Fis-30787,2,42972.212400000004,0.9366711937067498,am
NA,Fis-30787,3,19704.1541,0.9720460699861678,am
NA,Fis-30787,4,11296.0492,0.8257764348117406,am
NA,Fis-30787,5,24373.886300000002,0.8664984446451005,am
NA,Fis-30787,6,7860.243100000001,0.9634810425032768,am
NA,Fis-30787,7,6843.4794,0.021751644517239044,am
NA,Fis-30787,8,3187.6686000000004,1,am
NA,Fis-30807,1,17225.6878,0.9823942923784781,am
NA,Fis-30807,2,42972.212400000004,0.9366711937067498,am
NA,Fis-30807,3,19552.9873,0.9645887037319938,am
NA,Fis-30807,4,12820.052,0.9371857936543977,am
NA,Fis-30807,5,24298.0872,0.8638037655345518,am
NA,Fis-30807,6,6730.3199,0.8249790179686108,am
NA,Fis-30807,7,8917.420900000001,0.028343560064986513,am
NA,Fis-30807,8,3169.1740000000004,0.9941980794364884,am
NA,Fis-30817,1,17516.7743,0.9989951805118639,am
NA,Fis-30817,2,40057.8489,0.8731464137156599,am
NA,Fis-30817,3,20005.025,0.986888644523189,am
NA,Fis-30817,4,12115.3598,0.8856705955304693,am
NA,Fis-30817,5,22415.6947,0.7968841880250103,am
NA,Fis-30817,6,6730.3199,0.8249790179686108,am
NA,Fis-30817,7,6053.3460000000005,0.019240246464663997,am
NA,Fis-30817,8,3187.6686000000004,1,am
NA,Fis-30819,1,15278.937100000001,0.8713695949284403,am
NA,Fis-30819,2,42972.212400000004,0.9366711937067498,am
NA,Fis-30819,3,19317.200100000002,0.9529568407273779,am
NA,Fis-30819,4,7106.8991,0.5195364943492604,am
NA,Fis-30819,5,11075.3893,0.3937331734533031,am
NA,Fis-30819,7,6843.4794,0.021751644517239044,am
NA,Fis-30819,8,3187.6686000000004,1,am
NA,Fis-30821,1,17225.6878,0.9823942923784781,am
NA,Fis-30821,2,40057.8489,0.8731464137156599,am
NA,Fis-30821,3,19494.9442,0.9617253193431753,am
NA,Fis-30821,4,11296.0492,0.8257764348117406,am
NA,Fis-30821,5,21760.704700000002,0.7735991111491862,am
NA,Fis-30821,6,6730.3199,0.8249790179686108,am
NA,Fis-30821,7,6053.3460000000005,0.019240246464663997,am
NA,Fis-30821,8,3169.1740000000004,0.9941980794364884,am
NA,Fis-30822,1,17079.4662,0.9740551614868542,am
NA,Fis-30822,2,42972.212400000004,0.9366711937067498,am
NA,Fis-30822,3,19552.9873,0.9645887037319938,am
NA,Fis-30822,4,11199.3107,0.8187045486837096,am
NA,Fis-30822,5,24135.4661,0.8580225401492313,am
NA,Fis-30822,6,6083.8501,0.7457370162993642,am
NA,Fis-30822,7,4994.0194,0.015873231780458845,am
NA,Fis-30822,8,3169.1740000000004,0.9941980794364884,am
155216,Fis-30824,1,17225.6878,0.9823942923784781,am
155216,Fis-30824,2,42972.212400000004,0.9366711937067498,am
155216,Fis-30824,3,19552.9873,0.9645887037319938,am
155216,Fis-30824,4,11495.770199999999,0.8403766629461077,am
155216,Fis-30824,5,24812.6572,0.8820968723117435,am
155216,Fis-30824,6,7860.243100000001,0.9634810425032768,am
155216,Fis-30824,7,8265.1627,0.026270391188368835,am
155216,Fis-30824,8,3169.1740000000004,0.9941980794364884,am
NA,Fis-30825,1,17079.4662,0.9740551614868542,am
NA,Fis-30825,2,40057.8489,0.8731464137156599,am
NA,Fis-30825,3,19494.9442,0.9617253193431753,am
NA,Fis-30825,4,11199.3107,0.8187045486837096,am
NA,Fis-30825,5,22275.2747,0.7918922179263779,am
NA,Fis-30825,6,4631.0917,0.5676629847547937,am
NA,Fis-30825,7,6053.3460000000005,0.019240246464663997,am
NA,Fis-30825,8,3169.1740000000004,0.9941980794364884,am
NA,Fis-30827,1,12268.0822,0.6996582122955928,am
NA,Fis-30827,2,29609.2517,0.6453969108326061,am
NA,Fis-30827,3,19494.9442,0.9617253193431753,am
NA,Fis-30827,4,11199.3107,0.8187045486837096,am
NA,Fis-30827,5,24313.3547,0.864346529410644,am
NA,Fis-30827,6,7698.8255,0.9436950389983245,am
NA,Fis-30827,7,6053.3460000000005,0.019240246464663997,am
NA,Fis-30827,8,3169.1740000000004,0.9941980794364884,am
NA,Fis-30828,1,17225.6878,0.9823942923784781,am
NA,Fis-30828,2,42972.212400000004,0.9366711937067498,am
NA,Fis-30828,3,19166.0333,0.9454994744732038,am
NA,Fis-30828,4,8431.1809,0.6163456250575504,am
NA,Fis-30828,5,19.7654,7.026654734903013e-4,am
NA,Fis-30828,7,7434.5999,0.02363049038369297,am
NA,Fis-30828,8,3169.1740000000004,0.9941980794364884,am
NA,Fis-30829,1,17225.6878,0.9823942923784781,am
NA,Fis-30829,2,42972.212400000004,0.9366711937067498,am
NA,Fis-30829,3,19552.9873,0.9645887037319938,am
NA,Fis-30829,4,11296.0492,0.8257764348117406,am
NA,Fis-30829,5,22147.9399,0.7873654303311968,am
NA,Fis-30829,6,4631.0917,0.5676629847547937,am
NA,Fis-30829,7,6966.9762,0.022144172694151004,am
NA,Fis-30829,8,3169.1740000000004,0.9941980794364884,am
NA,Fis-30830,1,15559.641800000001,0.8873784009816774,am
NA,Fis-30830,2,31198.594100000002,0.6800400246001614,am
NA,Fis-30830,3,11185.4884,0.5518029337831797,am
NA,Fis-30830,4,10947.7906,0.800317644750829,am
NA,Fis-30830,5,12825.492,0.4559498117379902,am
NA,Fis-30830,6,7860.243100000001,0.9634810425032768,am
NA,Fis-30830,7,2363.668,0.007512796209012243,am
NA,Fis-30830,8,1806.6460000000002,0.5667609236418114,am
202670,Fis-30832,1,17516.7743,0.9989951805118639,am
202670,Fis-30832,2,37241.4428,0.8117568245761915,am
202670,Fis-30832,3,19476.9779,0.9608390051569098,am
202670,Fis-30832,4,12115.3598,0.8856705955304693,am
202670,Fis-30832,5,20048.6727,0.7127358968499286,am
202670,Fis-30832,6,8158.171,1,am
202670,Fis-30832,7,2383.6401,0.007576276493538671,am
202670,Fis-30832,8,3187.6686000000004,1,am
NA,Fis-30834,1,17516.7743,0.9989951805118639,am
NA,Fis-30834,2,37241.4428,0.8117568245761915,am
NA,Fis-30834,3,19476.9779,0.9608390051569098,am
NA,Fis-30834,4,12115.3598,0.8856705955304693,am
NA,Fis-30834,5,20563.242700000003,0.7310290036271202,am
NA,Fis-30834,6,8158.171,1,am
NA,Fis-30834,7,2383.6401,0.007576276493538671,am
NA,Fis-30834,8,3187.6686000000004,1,am
NA,Fis-30835,1,17429.1284,0.9939966670759954,am
NA,Fis-30835,2,42972.212400000004,0.9366711937067498,am
NA,Fis-30835,3,19704.1541,0.9720460699861678,am
NA,Fis-30835,4,11296.0492,0.8257764348117406,am
NA,Fis-30835,5,24313.3547,0.864346529410644,am
NA,Fis-30835,6,4631.0917,0.5676629847547937,am
NA,Fis-30835,7,6966.9762,0.022144172694151004,am
NA,Fis-30835,8,3187.6686000000004,1,am
NA,Fis-30836,1,17042.477,0.9719456388145783,am
NA,Fis-30836,2,38245.3781,0.8336397396819388,am
NA,Fis-30836,3,19494.9442,0.9617253193431753,am
NA,Fis-30836,4,11199.3107,0.8187045486837096,am
NA,Fis-30836,5,21582.8161,0.7672751218877736,am
NA,Fis-30836,6,7213.7733,0.88423904083403,am
NA,Fis-30836,7,4203.886,0.013361833727883798,am
NA,Fis-30836,8,3169.1740000000004,0.9941980794364884,am
NA,Fis-30837,1,11702.761900000001,0.6674175585386096,am
NA,Fis-30837,2,33766.7192,0.7360177988095541,am
NA,Fis-30837,3,11844.9221,0.5843341418344524,am
NA,Fis-30837,4,8300.1801,0.6067690579174669,am
NA,Fis-30837,5,18234.5243,0.6482424160973168,am
NA,Fis-30837,6,5130.4482,0.62887235386461,am
NA,Fis-30837,7,6053.3460000000005,0.019240246464663997,am
NA,Fis-30837,8,2280.3880000000004,0.7153780038489572,am
NA,Fis-30840,1,15445.6586,0.8808778509654955,am
NA,Fis-30840,2,27777.0633,0.6054604495736633,am
NA,Fis-30840,3,7299.1277,0.36008084179123306,am
NA,Fis-30840,4,10096.4918,0.7380850468241563,am
NA,Fis-30840,5,12886.0236,0.45810172697244667,am
NA,Fis-30840,6,7860.243100000001,0.9634810425032768,am
NA,Fis-30840,7,2363.668,0.007512796209012243,am
NA,Fis-30840,8,992.4846,0.31135124899746475,am
NA,Fis-30841,1,17225.6878,0.9823942923784781,am
NA,Fis-30841,2,37241.4428,0.8117568245761915,am
NA,Fis-30841,3,18966.897100000002,0.935675679976896,am
NA,Fis-30841,4,11296.0492,0.8257764348117406,am
NA,Fis-30841,5,19908.2527,0.7077439267512962,am
NA,Fis-30841,6,7860.243100000001,0.9634810425032768,am
NA,Fis-30841,7,2383.6401,0.007576276493538671,am
NA,Fis-30841,8,3169.1740000000004,0.9941980794364884,am
NA,Fis-30843,1,17225.6878,0.9823942923784781,am
NA,Fis-30843,2,42972.212400000004,0.9366711937067498,am
NA,Fis-30843,3,19552.9873,0.9645887037319938,am
NA,Fis-30843,4,12723.3135,0.9301139075263667,am
NA,Fis-30843,5,24298.0872,0.8638037655345518,am
NA,Fis-30843,6,6568.9023,0.8051930144636585,am
NA,Fis-30843,7,14277.7277,0.04538101735855843,am
NA,Fis-30843,8,3169.1740000000004,0.9941980794364884,am
NA,Fis-30847,1,15850.7283,0.9039792891150632,am
NA,Fis-30847,2,31198.594100000002,0.6800400246001614,am
NA,Fis-30847,3,17130.5106,0.845082992199416,am
NA,Fis-30847,4,12115.3598,0.8856705955304693,am
NA,Fis-30847,5,16981.229900000002,0.6036874512092425,am
NA,Fis-30847,6,8158.171,1,am
NA,Fis-30847,7,2383.6401,0.007576276493538671,am
NA,Fis-30847,8,1825.1406000000002,0.572562844205323,am
NA,Fis-30850,1,17225.6878,0.9823942923784781,am
NA,Fis-30850,2,40057.8489,0.8731464137156599,am
NA,Fis-30850,3,19494.9442,0.9617253193431753,am
NA,Fis-30850,4,11296.0492,0.8257764348117406,am
NA,Fis-30850,5,24313.3547,0.864346529410644,am
NA,Fis-30850,6,7860.243100000001,0.9634810425032768,am
NA,Fis-30850,7,6053.3460000000005,0.019240246464663997,am
NA,Fis-30850,8,3169.1740000000004,0.9941980794364884,am
NA,Fis-30851,1,15850.7283,0.9039792891150632,am
NA,Fis-30851,2,32346.790100000002,0.7050674099234573,am
NA,Fis-30851,3,17895.9746,0.8828448909919093,am
NA,Fis-30851,4,12115.3598,0.8856705955304693,am
NA,Fis-30851,5,16898.8987,0.6007605541248918,am
NA,Fis-30851,6,8158.171,1,am
NA,Fis-30851,7,2383.6401,0.007576276493538671,am
NA,Fis-30851,8,1825.1406000000002,0.572562844205323,am
NA,Fis-30852,1,15551.7991,0.8869311257375019,am
NA,Fis-30852,2,27777.0633,0.6054604495736633,am
NA,Fis-30852,3,7658.041700000001,0.37778680071707277,am
NA,Fis-30852,4,10915.8024,0.7979792075428851,am
NA,Fis-30852,5,12965.912,0.4609417818366226,am
NA,Fis-30852,6,8158.171,1,am
NA,Fis-30852,7,2363.668,0.007512796209012243,am
NA,Fis-30852,8,992.4846,0.31135124899746475,am
NA,Fis-30854,1,15744.587800000001,0.8979260143430569,am
NA,Fis-30854,2,31198.594100000002,0.6800400246001614,am
NA,Fis-30854,3,13250.315200000001,0.653665047018587,am
NA,Fis-30854,4,10947.7906,0.800317644750829,am
NA,Fis-30854,5,12886.0236,0.45810172697244667,am
NA,Fis-30854,6,7860.243100000001,0.9634810425032768,am
NA,Fis-30854,7,2363.668,0.007512796209012243,am
NA,Fis-30854,8,1825.1406000000002,0.572562844205323,am
NA,Fis-30856,1,17225.6878,0.9823942923784781,am
NA,Fis-30856,2,42972.212400000004,0.9366711937067498,am
NA,Fis-30856,3,19552.9873,0.9645887037319938,am
NA,Fis-30856,4,12820.052,0.9371857936543977,am
NA,Fis-30856,5,24298.0872,0.8638037655345518,am
NA,Fis-30856,6,7860.243100000001,0.9634810425032768,am
NA,Fis-30856,7,10431.0577,0.03315457616913541,am
NA,Fis-30856,8,3169.1740000000004,0.9941980794364884,am
NA,Fis-30857,1,17111.9882,0.9759099162895468,am
NA,Fis-30857,2,37241.4428,0.8117568245761915,am
NA,Fis-30857,3,19476.9779,0.9608390051569098,am
NA,Fis-30857,4,12115.3598,0.8856705955304693,am
NA,Fis-30857,5,20048.6727,0.7127358968499286,am
NA,Fis-30857,6,8158.171,1,am
NA,Fis-30857,7,4233.1001,0.01345468923031887,am
NA,Fis-30857,8,3187.6686000000004,1,am
NA,Fis-30858,1,17516.7743,0.9989951805118639,am
NA,Fis-30858,2,42972.212400000004,0.9366711937067498,am
NA,Fis-30858,3,20063.0681,0.9897520289120075,am
NA,Fis-30858,4,12115.3598,0.8856705955304693,am
NA,Fis-30858,5,23939.204700000002,0.8510453927320847,am
NA,Fis-30858,6,7860.243100000001,0.9634810425032768,am
NA,Fis-30858,7,6843.4794,0.021751644517239044,am
NA,Fis-30858,8,3187.6686000000004,1,am
NA,Fis-30864,1,4358.645100000001,0.24857689971273142,am
NA,Fis-30864,2,28430.1626,0.6196961443814094,am
NA,Fis-30864,3,2592.588,0.12789764857215052,am
NA,Fis-30864,7,905.5450999999999,0.0028782281582564097,am
NA,Fis-30864,8,2195.184,0.6886487510025352,am
NA,Fis-30865,1,17225.6878,0.9823942923784781,am
NA,Fis-30865,2,40057.8489,0.8731464137156599,am
NA,Fis-30865,3,19494.9442,0.9617253193431753,am
NA,Fis-30865,4,11296.0492,0.8257764348117406,am
NA,Fis-30865,5,24313.3547,0.864346529410644,am
NA,Fis-30865,6,7860.243100000001,0.9634810425032768,am
NA,Fis-30865,7,4203.886,0.013361833727883798,am
NA,Fis-30865,8,3169.1740000000004,0.9941980794364884,am
NA,Fis-30866,1,17225.6878,0.9823942923784781,am
NA,Fis-30866,2,42972.212400000004,0.9366711937067498,am
NA,Fis-30866,3,19552.9873,0.9645887037319938,am
NA,Fis-30866,4,11296.0492,0.8257764348117406,am
NA,Fis-30866,5,24313.3547,0.864346529410644,am
NA,Fis-30866,6,7860.243100000001,0.9634810425032768,am
NA,Fis-30866,7,4994.0194,0.015873231780458845,am
NA,Fis-30866,8,3169.1740000000004,0.9941980794364884,am
183346,Fis-30867,1,15744.587800000001,0.8979260143430569,am
183346,Fis-30867,2,31198.594100000002,0.6800400246001614,am
183346,Fis-30867,3,13250.315200000001,0.653665047018587,am
183346,Fis-30867,4,10947.7906,0.800317644750829,am
183346,Fis-30867,5,7567.4892,0.2690263481564118,am
183346,Fis-30867,6,3743.2949,0.4588399654775562,am
183346,Fis-30867,7,2363.668,0.007512796209012243,am
183346,Fis-30867,8,1825.1406000000002,0.572562844205323,am
183696,Fis-30868,1,17225.6878,0.9823942923784781,am
183696,Fis-30868,2,38559.7863,0.8404929382388089,am
183696,Fis-30868,3,18966.897100000002,0.935675679976896,am
183696,Fis-30868,4,11296.0492,0.8257764348117406,am
183696,Fis-30868,5,16915.3679,0.6013460387705862,am
183696,Fis-30868,6,3009.5861,0.36890451303361993,am
183696,Fis-30868,7,4274.2657,0.01358553195595619,am
183696,Fis-30868,8,3169.1740000000004,0.9941980794364884,am
NA,Fis-30880,1,17410.6338,0.9929419057398575,am
NA,Fis-30880,2,40057.8489,0.8731464137156599,am
NA,Fis-30880,3,19646.111,0.9691826855973493,am
NA,Fis-30880,4,11296.0492,0.8257764348117406,am
NA,Fis-30880,5,23859.316300000002,0.8482053378679087,am
NA,Fis-30880,6,7860.243100000001,0.9634810425032768,am
NA,Fis-30880,7,4203.886,0.013361833727883798,am
NA,Fis-30880,8,3187.6686000000004,1,am
NA,Fis-30881,1,17516.7743,0.9989951805118639,am
NA,Fis-30881,2,44656.6084,0.9733862037999903,am
NA,Fis-30881,3,20063.0681,0.9897520289120075,am
NA,Fis-30881,4,13639.3626,0.9970799543731266,am
NA,Fis-30881,5,24358.6188,0.8659556807690083,am
NA,Fis-30881,6,6730.3199,0.8249790179686108,am
NA,Fis-30881,7,21089.7772,0.06703276356792613,am
NA,Fis-30881,8,3187.6686000000004,1,am
NA,Fis-30882,1,17225.6878,0.9823942923784781,am
NA,Fis-30882,2,40057.8489,0.8731464137156599,am
NA,Fis-30882,3,19494.9442,0.9617253193431753,am
NA,Fis-30882,4,11296.0492,0.8257764348117406,am
NA,Fis-30882,5,21760.704700000002,0.7735991111491862,am
NA,Fis-30882,6,6730.3199,0.8249790179686108,am
NA,Fis-30882,7,6053.3460000000005,0.019240246464663997,am
NA,Fis-30882,8,3169.1740000000004,0.9941980794364884,am
NA,Fis-30883,1,16908.5476,0.9643075415920295,am
NA,Fis-30883,2,32151.1663,0.7008033711870331,am
NA,Fis-30883,3,17631.9058,0.8698178390340704,am
NA,Fis-30883,4,11296.0492,0.8257764348117406,am
NA,Fis-30883,5,20422.8227,0.7260370335284879,am
NA,Fis-30883,6,7860.243100000001,0.9634810425032768,am
NA,Fis-30883,7,2213.3241000000003,0.007034935916463494,am
NA,Fis-30883,8,3169.1740000000004,0.9941980794364884,am
NA,Fis-30887,1,16725.3368,0.9538588880281297,am
NA,Fis-30887,2,41159.7416,0.8971645196730287,am
NA,Fis-30887,3,19552.9873,0.9645887037319938,am
NA,Fis-30887,4,11199.3107,0.8187045486837096,am
NA,Fis-30887,5,21970.0513,0.7810414410697841,am
NA,Fis-30887,6,4631.0917,0.5676629847547937,am
NA,Fis-30887,7,6843.4794,0.021751644517239044,am
NA,Fis-30887,8,3169.1740000000004,0.9941980794364884,am
29609,Fis-30888,1,17225.6878,0.9823942923784781,am
29609,Fis-30888,2,44656.6084,0.9733862037999903,am
29609,Fis-30888,3,19552.9873,0.9645887037319938,am
29609,Fis-30888,4,12859.9962,0.9401058392812711,am
29609,Fis-30888,5,27249.9961,0.9687449488609067,am
29609,Fis-30888,6,6730.3199,0.8249790179686108,am
29609,Fis-30888,7,62360.0373,0.19820814590767485,am
29609,Fis-30888,8,3169.1740000000004,0.9941980794364884,am
NA,Fis-30889,2,7449.4884,0.1623775179918962,am
NA,Fis-30889,3,11188.2327,0.5519383156938329,am
NA,Fis-30889,4,10715.4259,0.7833310603136703,am
NA,Fis-30889,5,21095.099700000002,0.749936668067715,am
NA,Fis-30889,6,3695.6109,0.45299502792966706,am
NA,Fis-30889,7,60543.963,0.19243584788768028,am
NA,Fis-30901,1,15588.7883,0.8890406484097778,am
NA,Fis-30901,2,29589.5341,0.6449671236073844,am
NA,Fis-30901,3,9781.9092,0.4825615119819602,am
NA,Fis-30901,4,11767.1012,0.8602118054695578,am
NA,Fis-30901,5,12451.342,0.4426486750594309,am
NA,Fis-30901,6,8158.171,1,am
NA,Fis-30901,7,2363.668,0.007512796209012243,am
NA,Fis-30901,8,1825.1406000000002,0.572562844205323,am
NA,Fis-30905,1,13943.3392,0.795199414143399,am
NA,Fis-30905,2,42008.8578,0.9156728216716882,am
NA,Fis-30905,3,16704.0966,0.8240471207388349,am
NA,Fis-30905,4,4689.3491,0.3428060477450509,am
NA,Fis-30905,5,6427.3199,0.2284930120719609,am
NA,Fis-30905,7,8858.3342,0.028155756052002014,am
NA,Fis-30905,8,2570.454,0.8063742887199755,am
NA,Fis-30906,1,17225.6878,0.9823942923784781,am
NA,Fis-30906,2,41528.2741,0.9051974730029981,am
NA,Fis-30906,3,19552.9873,0.9645887037319938,am
NA,Fis-30906,4,11199.3107,0.8187045486837096,am
NA,Fis-30906,5,19447.6371,0.6913689139172013,am
NA,Fis-30906,6,3009.5861,0.36890451303361993,am
NA,Fis-30906,7,6459.6477,0.02053165535604605,am
NA,Fis-30906,8,3169.1740000000004,0.9941980794364884,am
NA,Fis-30907,2,17037.1707,0.3713615409979371,am
NA,Fis-30907,3,1994.8446000000001,0.09840974871705499,am
NA,Fis-30907,4,7358.9595,0.5379628958976196,am
NA,Fis-30907,5,15585.6083,0.5540727147314939,am
NA,Fis-30907,7,4203.886,0.013361833727883798,am
NA,Fis-30910,3,1466.7975000000001,0.07236010935077573,am
NA,Fis-30910,4,9148.4545,0.6687805627694525,am
NA,Fis-30910,5,21760.704700000002,0.7735991111491862,am
NA,Fis-30910,6,6568.9023,0.8051930144636585,am
NA,Fis-30910,7,608.7421,0.0019348552085767339,am
60483273,Fis-30919,1,16347.492100000001,0.9323101126761546,am
60483273,Fis-30919,2,42913.6192,0.9353940297088567,am
60483273,Fis-30919,3,19234.9173,0.9488976625479167,am
60483273,Fis-30919,4,12545.8383,0.917139916768297,am
60483273,Fis-30919,5,27810.8663,0.9886840406399549,am
60483273,Fis-30919,6,7213.7733,0.88423904083403,am
60483273,Fis-30919,7,314618.9427,1,am
60483273,Fis-30919,8,3113.0440000000003,0.9765895990568154,am
21110276,Fis-30920,1,16347.492100000001,0.9323101126761546,am
21110276,Fis-30920,2,42418.3921,0.9245994968466638,am
21110276,Fis-30920,3,19234.9173,0.9488976625479167,am
21110276,Fis-30920,4,11566.724699999999,0.845563658240343,am
21110276,Fis-30920,5,27072.107500000002,0.9624209595994939,am
21110276,Fis-30920,6,7213.7733,0.88423904083403,am
21110276,Fis-30920,7,102204.1328,0.3248505379965477,am
21110276,Fis-30920,8,3113.0440000000003,0.9765895990568154,am
18227119,Fis-31004,2,21352.2119,0.46541708447509367,am
18227119,Fis-31004,3,5283.5344,0.26064751742662856,am
18227119,Fis-31004,4,1583.5043,0.1157591041089889,am
18227119,Fis-31004,5,9583.6522,0.34070150418809475,am
18227119,Fis-31004,7,314559.856,0.9998121959870154,am
18127741,Fis-31020,1,10150.2549,0.5788768840885807,am
18127741,Fis-31020,2,37447.5787,0.8162499969947197,am
18127741,Fis-31020,3,20063.0681,0.9897520289120075,am
18127741,Fis-31020,4,13621.2637,0.9957568683231813,am
18127741,Fis-31020,5,27614.604900000002,0.9817068932228084,am
18127741,Fis-31020,6,8158.171,1,am
18127741,Fis-31020,7,314618.9427,1,am
18127741,Fis-31020,8,3187.6686000000004,1,am
198579,Fis-31166,1,16347.492100000001,0.9323101126761546,am
198579,Fis-31166,2,41692.6425,0.908780233508847,am
198579,Fis-31166,3,19234.9173,0.9488976625479167,am
198579,Fis-31166,4,12387.3017,0.9055503967496364,am
198579,Fis-31166,5,24634.7686,0.8757728830503307,am
198579,Fis-31166,6,7213.7733,0.88423904083403,am
198579,Fis-31166,7,25338.9788,0.08053863058131751,am
198579,Fis-31166,8,3113.0440000000003,0.9765895990568154,am
60140,Fis-31217,2,20987.6361,0.4574703758764321,am
60140,Fis-31217,3,2052.8877,0.10127313310587349,am
60140,Fis-31217,4,6830.2753999999995,0.4993144389451079,am
60140,Fis-31217,5,19240.2252,0.6839953631203025,am
60140,Fis-31217,7,186501.1905,0.5927843660635377,am
190147,Fis-31235,2,19373.5379,0.4222876565488622,am
190147,Fis-31235,3,3387.879,0.16713097404869912,am
190147,Fis-31235,4,5378.456999999999,0.3931819849233881,am
190147,Fis-31235,5,14750.7895,0.5243946739440267,am
190147,Fis-31235,7,314618.9427,1,am
15622831,Fis-31237,1,13553.9379,0.7729915569590398,am
15622831,Fis-31237,2,41268.6262,0.8995378921982534,am
15622831,Fis-31237,3,18586.0233,0.916886399372828,am
15622831,Fis-31237,4,10715.4259,0.7833310603136703,am
15622831,Fis-31237,5,26132.9921,0.9290351456416164,am
15622831,Fis-31237,6,7213.7733,0.88423904083403,am
15622831,Fis-31237,7,314618.9427,1,am
15622831,Fis-31237,8,3113.0440000000003,0.9765895990568154,am
18252612,Fis-31240,1,17498.7148,0.9979652332651009,am
18252612,Fis-31240,2,45877.585100000004,0.9999999999999999,am
18252612,Fis-31240,3,20063.0681,0.9897520289120075,am
18252612,Fis-31240,4,13621.2637,0.9957568683231813,am
18252612,Fis-31240,5,27614.604900000002,0.9817068932228084,am
18252612,Fis-31240,6,8158.171,1,am
18252612,Fis-31240,7,314618.9427,1,am
18252612,Fis-31240,8,3187.6686000000004,1,am
NA,Fis-31255,1,1609.06,0.09176593576103904,am
NA,Fis-31255,2,20736.8797,0.4520046043138395,am
NA,Fis-31255,3,5322.649,0.2625771203426493,am
NA,Fis-31255,4,5813.2958,0.4249700576932743,am
NA,Fis-31255,5,18940.3041,0.6733330845050844,am
NA,Fis-31255,7,205161.359,0.6520947443257681,am
NA,Fis-31255,8,224.51999999999998,0.07043392151869236,am
NA,Fis-31256,2,20622.5219,0.4495119316992995,am
NA,Fis-31256,3,3348.7644,0.1652013711326784,am
NA,Fis-31256,4,3520.5135,0.2573605191748459,am
NA,Fis-31256,5,12712.7095,0.4519403624597606,am
NA,Fis-31256,7,314579.8281,0.999875676271542,am
154750,Fis-31271,1,17225.6878,0.9823942923784781,am
154750,Fis-31271,2,45877.585100000004,0.9999999999999999,am
154750,Fis-31271,3,19552.9873,0.9645887037319938,am
154750,Fis-31271,4,12763.2577,0.9330339531532401,am
154750,Fis-31271,5,27474.1849,0.976714923124176,am
154750,Fis-31271,6,4631.0917,0.5676629847547937,am
154750,Fis-31271,7,314618.9427,1,am
154750,Fis-31271,8,3169.1740000000004,0.9941980794364884,am
18252619,Fis-32102,1,17225.6878,0.9823942923784781,am
18252619,Fis-32102,2,45877.585100000004,0.9999999999999999,am
18252619,Fis-32102,3,19552.9873,0.9645887037319938,am
18252619,Fis-32102,4,12763.2577,0.9330339531532401,am
18252619,Fis-32102,5,27988.7549,0.9950080299013676,am
18252619,Fis-32102,6,7698.8255,0.9436950389983245,am
18252619,Fis-32102,7,314618.9427,1,am
18252619,Fis-32102,8,3169.1740000000004,0.9941980794364884,am
18252629,Fis-32103,1,17225.6878,0.9823942923784781,am
18252629,Fis-32103,2,45877.585100000004,0.9999999999999999,am
18252629,Fis-32103,3,19552.9873,0.9645887037319938,am
18252629,Fis-32103,4,12859.9962,0.9401058392812711,am
18252629,Fis-32103,5,27988.7549,0.9950080299013676,am
18252629,Fis-32103,6,4631.0917,0.5676629847547937,am
18252629,Fis-32103,7,314618.9427,1,am
18252629,Fis-32103,8,3169.1740000000004,0.9941980794364884,am
154998,Fis-32104,1,17410.6338,0.9929419057398575,am
154998,Fis-32104,2,45877.585100000004,0.9999999999999999,am
154998,Fis-32104,3,19704.1541,0.9720460699861678,am
154998,Fis-32104,4,12995.4301,0.9500064798605146,am
154998,Fis-32104,5,28049.286500000002,0.9971599451358241,am
154998,Fis-32104,6,7860.243100000001,0.9634810425032768,am
154998,Fis-32104,7,314618.9427,1,am
154998,Fis-32104,8,3187.6686000000004,1,am
NA,Fis-32138,2,10751.6598,0.23435539984426948,am
NA,Fis-32138,3,586.0902,0.02891302375509777,am
NA,Fis-32138,4,1563.947,0.11432940446953056,am
NA,Fis-32138,5,9583.6522,0.34070150418809475,am
NA,Fis-32138,7,313802.5904,0.9974052665329232,am
NA,Fis-32327,2,15703.4638,0.3422905492032971,am
NA,Fis-32327,7,239312.8746,0.7606435662972558,am
NA,Fis-32329,2,12798.0911,0.27896174291004694,am
NA,Fis-32329,7,4151.9769,0.01319684334442333,am
18253296,Fis-32330,2,7487.7616,0.1632117641693394,am
18253296,Fis-32330,3,6088.113,0.3003390191351426,am
18253296,Fis-32330,4,5813.2958,0.4249700576932743,am
18253296,Fis-32330,5,19372.5429,0.6886992941979254,am
18253296,Fis-32330,6,686.0248,0.08409051489604717,am
18253296,Fis-32330,7,238394.20620000002,0.7577236264102416,am
18155920,Fis-32336,3,1994.8446000000001,0.09840974871705499,am
18155920,Fis-32336,4,5378.456999999999,0.3931819849233881,am
18155920,Fis-32336,5,18485.6999,0.6571717786148075,am
18155920,Fis-32336,7,187573.2604,0.5961918846661994,am
NA,Fis-32343,5,20.7833,7.38852101915012e-4,am
NA,Fis-32343,7,33672.4076,0.10702600202972458,am
15601909,Fis-32350,1,75.69600000000001,0.004317001400424852,am
15601909,Fis-32350,2,22325.6819,0.4866359432680775,am
15601909,Fis-32350,3,3387.879,0.16713097404869912,am
15601909,Fis-32350,4,5378.456999999999,0.3931819849233881,am
15601909,Fis-32350,5,16508.334300000002,0.5868758809558968,am
15601909,Fis-32350,7,314618.9427,1,am
15601909,Fis-32350,8,113.544,0.03561976298288975,am
155093,Fis-32362,1,9946.8143,0.5672745093910635,am
155093,Fis-32362,2,37447.5787,0.8162499969947197,am
155093,Fis-32362,3,19552.9873,0.9645887037319938,am
155093,Fis-32362,4,12859.9962,0.9401058392812711,am
155093,Fis-32362,5,27474.1849,0.976714923124176,am
155093,Fis-32362,6,7213.7733,0.88423904083403,am
155093,Fis-32362,7,314618.9427,1,am
155093,Fis-32362,8,3169.1740000000004,0.9941980794364884,am
199187,Fis-32379,2,5634.971100000001,0.12282623611764604,am
199187,Fis-32379,5,2247.9465,0.07991512399462523,am
199187,Fis-32379,7,285977.2456,0.9089638505100729,am
NA,Fis-32387,2,16468.1652,0.358958850255612,am
NA,Fis-32387,3,1921.0815,0.09477086469792338,am
NA,Fis-32387,5,5908.252,0.21004000369737114,am
NA,Fis-32387,7,6399.3997,0.020340160211211593,am
18158583,Fis-32421,1,13291.9979,0.7580529162537543,am
18158583,Fis-32421,2,38365.4787,0.8362575888938845,am
18158583,Fis-32421,3,14026.8327,0.6919722374881583,am
18158583,Fis-32421,4,10675.4817,0.7804110146867967,am
18158583,Fis-32421,5,19661.978,0.6989887925934152,am
18158583,Fis-32421,6,6480.0645,0.7943035883900939,am
18158583,Fis-32421,7,27671.4312,0.08795220962389942,am
18158583,Fis-32421,8,3113.0440000000003,0.9765895990568154,am
154973,Fis-32457,2,21352.2119,0.46541708447509367,am
154973,Fis-32457,3,3387.879,0.16713097404869912,am
154973,Fis-32457,4,5378.456999999999,0.3931819849233881,am
154973,Fis-32457,5,18485.6999,0.6571717786148075,am
154973,Fis-32457,7,314618.9427,1,am
NA,Fis-32495,2,17540.696,0.382336950860999,am
NA,Fis-32495,3,58.043099999999995,0.002863384388818505,am
NA,Fis-32495,5,1852.4520000000002,0.06585518439789004,am
NA,Fis-32495,7,4971.7168,0.015802344122492023,am
196052,Fis-32714,2,18780.8665,0.40936911694595707,am
196052,Fis-32714,3,3348.7644,0.1652013711326784,am
196052,Fis-32714,4,3520.5135,0.2573605191748459,am
196052,Fis-32714,5,9379.2288,0.33343419539831576,am
196052,Fis-32714,7,85573.5353,0.27199104594791457,am
44993,Fis-32809,1,17225.6878,0.9823942923784781,am
44993,Fis-32809,2,37241.4428,0.8117568245761915,am
44993,Fis-32809,3,18966.897100000002,0.935675679976896,am
44993,Fis-32809,4,11296.0492,0.8257764348117406,am
44993,Fis-32809,5,20422.8227,0.7260370335284879,am
44993,Fis-32809,6,7860.243100000001,0.9634810425032768,am
44993,Fis-32809,7,2383.6401,0.007576276493538671,am
44993,Fis-32809,8,3169.1740000000004,0.9941980794364884,am
190384,Fis-32810,7,168118.11920000002,0.534354726887206,am
NA,Fis-32896,4,199.721,0.01460022813436716,am
NA,Fis-32896,5,18862.442600000002,0.6705650865002798,am
NA,Fis-32896,6,1637.7122,0.20074501993155083,am
NA,Fis-32896,7,1482.8210000000001,0.004713069681293542,am
NA,Fis-33019,1,374.6252,0.021365164777986157,am
NA,Fis-33019,2,28489.1126,0.6209810855977247,am
NA,Fis-33019,3,58.043099999999995,0.002863384388818505,am
NA,Fis-33019,5,3890.532,0.13830949588215613,am
NA,Fis-33019,7,4971.7168,0.015802344122492023,am
NA,Fis-33019,8,113.544,0.03561976298288975,am
NA,Fis-33124,2,11960.5006,0.2607046681713855,am
NA,Fis-33124,5,3176.0977000000003,0.11291115758962414,am
NA,Fis-33124,7,164255.1354,0.5220764331301657,am
NA,Fis-33134,2,9281.2346,0.20230434055693136,am
NA,Fis-33134,4,39.9442,0.002920045626873432,am
NA,Fis-33134,5,3176.0977000000003,0.11291115758962414,am
NA,Fis-33134,7,304088.9955,0.9665311086813972,am
60477122,Fis-33155,7,242616.3031,0.7711433425397497,am
199068,Fis-33178,3,1994.8446000000001,0.09840974871705499,am
199068,Fis-33178,4,5378.456999999999,0.3931819849233881,am
199068,Fis-33178,5,18485.6999,0.6571717786148075,am
199068,Fis-33178,7,187573.2604,0.5961918846661994,am
18227109,Fis-33181,1,1684.7559999999999,0.09608293716146389,am
18227109,Fis-33181,2,27218.626,0.5932881153328186,am
18227109,Fis-33181,3,6088.113,0.3003390191351426,am
18227109,Fis-33181,4,5813.2958,0.4249700576932743,am
18227109,Fis-33181,5,19372.5429,0.6886992941979254,am
18227109,Fis-33181,7,314618.9427,1,am
18227109,Fis-33181,8,338.06399999999996,0.10605368450158212,am
NA,Fis-33191,1,3346.4044,0.19084803003048886,am
NA,Fis-33191,2,28904.0877,0.6300263546347822,am
NA,Fis-33191,3,6088.113,0.3003390191351426,am
NA,Fis-33191,4,5813.2958,0.4249700576932743,am
NA,Fis-33191,5,19372.5429,0.6886992941979254,am
NA,Fis-33191,6,686.0248,0.08409051489604717,am
NA,Fis-33191,7,301676.8287,0.9588641615506898,am
NA,Fis-33191,8,338.06399999999996,0.10605368450158212,am
15601934,Fis-33227,3,528.0471,0.026049639366279263,am
15601934,Fis-33227,4,1324.2818,0.09680913070828998,am
15601934,Fis-33227,5,5908.252,0.21004000369737114,am
15601934,Fis-33227,7,2121.1067,0.006741827690974565,am
NA,Fis-33413,1,3346.4044,0.19084803003048886,am
NA,Fis-33413,2,28904.0877,0.6300263546347822,am
NA,Fis-33413,3,6088.113,0.3003390191351426,am
NA,Fis-33413,4,5813.2958,0.4249700576932743,am
NA,Fis-33413,5,19372.5429,0.6886992941979254,am
NA,Fis-33413,6,686.0248,0.08409051489604717,am
NA,Fis-33413,7,312762.6925,0.9941000049645136,am
NA,Fis-33413,8,338.06399999999996,0.10605368450158212,am
190149,Fis-33790,2,20622.5219,0.4495119316992995,am
190149,Fis-33790,3,3387.879,0.16713097404869912,am
190149,Fis-33790,4,5378.456999999999,0.3931819849233881,am
190149,Fis-33790,5,18485.6999,0.6571717786148075,am
190149,Fis-33790,7,314618.9427,1,am
190089,Fis-33804,2,19373.5379,0.4222876565488622,am
190089,Fis-33804,3,3387.879,0.16713097404869912,am
190089,Fis-33804,4,5378.456999999999,0.3931819849233881,am
190089,Fis-33804,5,14750.7895,0.5243946739440267,am
190089,Fis-33804,7,314618.9427,1,am
18256560,Fis-33821,5,20.7833,7.38852101915012e-4,am
18256560,Fis-33821,7,33672.4076,0.10702600202972458,am
190298,Fis-34206,2,20622.5219,0.4495119316992995,am
190298,Fis-34206,3,3387.879,0.16713097404869912,am
190298,Fis-34206,4,5378.456999999999,0.3931819849233881,am
190298,Fis-34206,5,18485.6999,0.6571717786148075,am
190298,Fis-34206,7,314618.9427,1,am
190264,Fis-34410,2,12416.544,0.2706451085630486,am
190264,Fis-34410,3,2013.7731,0.09934353018985281,am
190264,Fis-34410,4,3520.5135,0.2573605191748459,am
190264,Fis-34410,5,11580.6555,0.4116955275499389,am
190264,Fis-34410,7,305536.4927,0.9711319034955234,am
57453720,Fis-34595,1,1684.7559999999999,0.09608293716146389,am
57453720,Fis-34595,2,27218.626,0.5932881153328186,am
57453720,Fis-34595,3,6088.113,0.3003390191351426,am
57453720,Fis-34595,4,5813.2958,0.4249700576932743,am
57453720,Fis-34595,5,19372.5429,0.6886992941979254,am
57453720,Fis-34595,7,314618.9427,1,am
57453720,Fis-34595,8,338.06399999999996,0.10605368450158212,am
190217,Fis-34615,1,3346.4044,0.19084803003048886,am
190217,Fis-34615,2,28904.0877,0.6300263546347822,am
190217,Fis-34615,3,6088.113,0.3003390191351426,am
190217,Fis-34615,4,5813.2958,0.4249700576932743,am
190217,Fis-34615,5,19372.5429,0.6886992941979254,am
190217,Fis-34615,6,2138.7832,0.26216454644061765,am
190217,Fis-34615,7,314618.9427,1,am
190217,Fis-34615,8,338.06399999999996,0.10605368450158212,am
NA,Fis-34636,1,15787.6476,0.9003817480265014,am
NA,Fis-34636,2,38363.2535,0.8362090859050032,am
NA,Fis-34636,3,18972.977300000002,0.9359756286316181,am
NA,Fis-34636,4,11526.780499999999,0.8426436126134695,am
NA,Fis-34636,5,23471.4644,0.8344170948291839,am
NA,Fis-34636,6,7213.7733,0.88423904083403,am
NA,Fis-34636,7,16233.4577,0.051597203781461945,am
NA,Fis-34636,8,3113.0440000000003,0.9765895990568154,am
NA,Fis-34639,1,17225.6878,0.9823942923784781,am
NA,Fis-34639,2,45877.585100000004,0.9999999999999999,am
NA,Fis-34639,3,19552.9873,0.9645887037319938,am
NA,Fis-34639,4,12859.9962,0.9401058392812711,am
NA,Fis-34639,5,27474.1849,0.976714923124176,am
NA,Fis-34639,6,4631.0917,0.5676629847547937,am
NA,Fis-34639,7,314618.9427,1,am
NA,Fis-34639,8,3169.1740000000004,0.9941980794364884,am
NA,Fis-34692,1,13062.952200000002,0.7449902629079859,am
NA,Fis-34692,2,39586.4554,0.862871385093894,am
NA,Fis-34692,3,14026.8327,0.6919722374881583,am
NA,Fis-34692,4,9144.598899999999,0.6684987063818175,am
NA,Fis-34692,5,17182.7593,0.6108518774932143,am
NA,Fis-34692,7,314618.9427,1,am
NA,Fis-34692,8,3113.0440000000003,0.9765895990568154,am
NA,Fis-34702,1,3275.1059999999998,0.1867818271578397,am
NA,Fis-34702,2,27896.68,0.6080677511510953,am
NA,Fis-34702,3,6295.0104,0.31054568944129674,am
NA,Fis-34702,4,1583.5043,0.1157591041089889,am
NA,Fis-34702,5,9583.6522,0.34070150418809475,am
NA,Fis-34702,7,314559.856,0.9998121959870154,am
NA,Fis-34702,8,1587.0480000000002,0.4978710773133694,am
NA,Fis-34713,1,17079.4662,0.9740551614868542,am
NA,Fis-34713,2,45877.585100000004,0.9999999999999999,am
NA,Fis-34713,3,19552.9873,0.9645887037319938,am
NA,Fis-34713,4,12763.2577,0.9330339531532401,am
NA,Fis-34713,5,27474.1849,0.976714923124176,am
NA,Fis-34713,6,4631.0917,0.5676629847547937,am
NA,Fis-34713,7,305503.9987,0.9710286230009634,am
NA,Fis-34713,8,3169.1740000000004,0.9941980794364884,am
NA,Fis-34768,1,3492.626,0.19918716092211275,am
NA,Fis-34768,2,26587.4317,0.579529886807403,am
NA,Fis-34768,3,6088.113,0.3003390191351426,am
NA,Fis-34768,4,4249.3488,0.31064065322374373,am
NA,Fis-34768,5,15697.1427,0.5580377937072019,am
NA,Fis-34768,6,686.0248,0.08409051489604717,am
NA,Fis-34768,7,6966.9762,0.022144172694151004,am
NA,Fis-34768,8,338.06399999999996,0.10605368450158212,am
21133028,Fis-34782,2,20622.5219,0.4495119316992995,am
21133028,Fis-34782,3,3387.879,0.16713097404869912,am
21133028,Fis-34782,4,5378.456999999999,0.3931819849233881,am
21133028,Fis-34782,5,18485.6999,0.6571717786148075,am
21133028,Fis-34782,7,314618.9427,1,am
NA,Fis-34787,1,3609.2594,0.20583885389315892,am
NA,Fis-34787,2,32925.1804,0.7176746624355342,am
NA,Fis-34787,3,6759.8775000000005,0.33347853067505806,am
NA,Fis-34787,5,5908.252,0.21004000369737114,am
NA,Fis-34787,7,5892.0712,0.018727642873106635,am
NA,Fis-34787,8,1362.5280000000002,0.42743715579467706,am
NA,Fis-34791,2,12416.544,0.2706451085630486,am
NA,Fis-34791,3,586.0902,0.02891302375509777,am
NA,Fis-34791,4,1563.947,0.11432940446953056,am
NA,Fis-34791,5,9583.6522,0.34070150418809475,am
NA,Fis-34791,7,314051.3662,0.9981959875170605,am
NA,Fis-34794,1,17225.6878,0.9823942923784781,am
NA,Fis-34794,2,45323.1869,0.987915706574538,am
NA,Fis-34794,3,19552.9873,0.9645887037319938,am
NA,Fis-34794,4,12763.2577,0.9330339531532401,am
NA,Fis-34794,5,27229.2128,0.9680060967589916,am
NA,Fis-34794,6,6083.8501,0.7457370162993642,am
NA,Fis-34794,7,93747.3753,0.2979711726683646,am
NA,Fis-34794,8,3169.1740000000004,0.9941980794364884,am
NA,Fis-34795,1,1609.06,0.09176593576103904,am
NA,Fis-34795,2,22065.8079,0.4809714341306949,am
NA,Fis-34795,3,5322.649,0.2625771203426493,am
NA,Fis-34795,4,5378.456999999999,0.3931819849233881,am
NA,Fis-34795,5,14750.7895,0.5243946739440267,am
NA,Fis-34795,7,226948.0584,0.7213426389789975,am
NA,Fis-34795,8,224.51999999999998,0.07043392151869236,am
NA,Fis-34804,1,146.2216,0.008339130891623896,am
NA,Fis-34804,2,19855.2152,0.43278684256639305,am
NA,Fis-34804,3,5301.539,0.2615357210299324,am
NA,Fis-34804,4,5378.456999999999,0.3931819849233881,am
NA,Fis-34804,5,12712.7095,0.4519403624597606,am
NA,Fis-34804,6,2582.6816,0.3165760560792364,am
NA,Fis-34804,7,314618.9427,1,am
18257303,Fis-34827,1,9800.592700000001,0.5589353784994395,am
18257303,Fis-34827,2,37447.5787,0.8162499969947197,am
18257303,Fis-34827,3,19552.9873,0.9645887037319938,am
18257303,Fis-34827,4,12763.2577,0.9330339531532401,am
18257303,Fis-34827,5,27474.1849,0.976714923124176,am
18257303,Fis-34827,6,7213.7733,0.88423904083403,am
18257303,Fis-34827,7,314618.9427,1,am
18257303,Fis-34827,8,3169.1740000000004,0.9941980794364884,am
NA,Fis-34829,1,221.9176,0.012656132292048749,am
NA,Fis-34829,2,22807.3592,0.4971351292856083,am
NA,Fis-34829,3,3387.879,0.16713097404869912,am
NA,Fis-34829,4,5378.456999999999,0.3931819849233881,am
NA,Fis-34829,5,16508.334300000002,0.5868758809558968,am
NA,Fis-34829,7,314618.9427,1,am
NA,Fis-34829,8,113.544,0.03561976298288975,am
NA,Fis-34831,1,5453.2969,0.31100573813982907,am
NA,Fis-34831,2,35237.7039,0.7680810535949504,am
NA,Fis-34831,3,8001.773,0.39474376611637585,am
NA,Fis-34831,4,9783.4277,0.715199084503317,am
NA,Fis-34831,5,21504.3527,0.7644857261703755,am
NA,Fis-34831,7,314618.9427,1,am
NA,Fis-34831,8,113.544,0.03561976298288975,am
190353,Fis-34848,2,7487.7616,0.1632117641693394,am
190353,Fis-34848,3,14847.5453,0.7324596622905318,am
190353,Fis-34848,4,12763.2577,0.9330339531532401,am
190353,Fis-34848,5,25823.3401,0.9180269308219204,am
190353,Fis-34848,6,4631.0917,0.5676629847547937,am
190353,Fis-34848,7,238394.20620000002,0.7577236264102416,am
NA,Fis-35069,1,14234.5054,0.8118048476294006,am
NA,Fis-35069,2,42913.6192,0.9353940297088567,am
NA,Fis-35069,3,19166.0333,0.9454994744732038,am
NA,Fis-35069,4,8574.1076,0.62679401269076,am
NA,Fis-35069,5,14750.7895,0.5243946739440267,am
NA,Fis-35069,7,314618.9427,1,am
NA,Fis-35069,8,3169.1740000000004,0.9941980794364884,am
NA,Fis-35216,2,10435.2382,0.2274583149320996,am
NA,Fis-35216,7,18587.2134,0.05907849425876289,am
NA,Fis-35242,1,1703.0352,0.09712541406907653,am
NA,Fis-35242,2,35089.717300000004,0.7648553694252751,am
NA,Fis-35242,3,8001.773,0.39474376611637585,am
NA,Fis-35242,4,9902.0201,0.7238685588951042,am
NA,Fis-35242,5,20117.948500000002,0.7151986708291255,am
NA,Fis-35242,7,314618.9427,1,am
NA,Fis-35242,8,113.544,0.03561976298288975,am
NA,Fis-35470,1,14945.320000000002,0.8523431537967335,am
NA,Fis-35470,2,31198.594100000002,0.6800400246001614,am
NA,Fis-35470,3,13222.2752,0.6522817766856367,am
NA,Fis-35470,4,6933.189,0.506837744146509,am
NA,Fis-35470,5,197.654,0.007026654734903013,am
NA,Fis-35470,7,2363.668,0.007512796209012243,am
NA,Fis-35470,8,1825.1406000000002,0.572562844205323,am
183761,Fis-35686,1,9800.592700000001,0.5589353784994395,am
183761,Fis-35686,2,34542.206,0.7529211907014696,am
183761,Fis-35686,3,19552.9873,0.9645887037319938,am
183761,Fis-35686,4,11199.3107,0.8187045486837096,am
183761,Fis-35686,5,23798.7847,0.8460534226334524,am
183761,Fis-35686,6,7698.8255,0.9436950389983245,am
183761,Fis-35686,7,4994.0194,0.015873231780458845,am
183761,Fis-35686,8,3169.1740000000004,0.9941980794364884,am
NA,Fis-35980,7,225063.8731,0.7153538536762745,am
NA,Fis-47542,7,214631.69210000001,0.6821957071563193,am
69778452,Fis-47586,2,2942.0009,0.06412719618060281,am
69778452,Fis-47586,7,2584.6891,0.008215300317961433,am
13485635,Fis-47643,1,17225.6878,0.9823942923784781,am
13485635,Fis-47643,2,45877.585100000004,0.9999999999999999,am
13485635,Fis-47643,3,19552.9873,0.9645887037319938,am
13485635,Fis-47643,4,12859.9962,0.9401058392812711,am
13485635,Fis-47643,5,27988.7549,0.9950080299013676,am
13485635,Fis-47643,6,7860.243100000001,0.9634810425032768,am
13485635,Fis-47643,7,314618.9427,1,am
13485635,Fis-47643,8,3169.1740000000004,0.9941980794364884,am
NA,Fis-47774,2,16860.0992,0.36750188928318284,am
NA,Fis-47774,3,2013.7731,0.09934353018985281,am
NA,Fis-47774,4,3520.5135,0.2573605191748459,am
NA,Fis-47774,5,11580.6555,0.4116955275499389,am
NA,Fis-47774,7,314579.8281,0.999875676271542,am
5363,Fis-48198,1,13079.453800000001,0.7459313619133395,am
5363,Fis-48198,2,30235.2395,0.6590416525650997,am
5363,Fis-48198,3,13166.1452,0.6495127694178583,am
5363,Fis-48198,4,6775.482,0.4953088704758051,am
5363,Fis-48198,5,19.7654,7.026654734903013e-4,am
5363,Fis-48198,7,2363.668,0.007512796209012243,am
5363,Fis-48198,8,1825.1406000000002,0.572562844205323,am
NA,Fis-48258,1,17516.7743,0.9989951805118639,am
NA,Fis-48258,2,44656.6084,0.9733862037999903,am
NA,Fis-48258,3,20063.0681,0.9897520289120075,am
NA,Fis-48258,4,13679.3068,1,am
NA,Fis-48258,5,27904.986100000002,0.9920300257367307,am
NA,Fis-48258,6,7860.243100000001,0.9634810425032768,am
NA,Fis-48258,7,51035.3148,0.16221310249797619,am
NA,Fis-48258,8,3187.6686000000004,1,am
202625,Fis-48267,1,15744.587800000001,0.8979260143430569,am
202625,Fis-48267,2,31198.594100000002,0.6800400246001614,am
202625,Fis-48267,3,13250.315200000001,0.653665047018587,am
202625,Fis-48267,4,10947.7906,0.800317644750829,am
202625,Fis-48267,5,12886.0236,0.45810172697244667,am
202625,Fis-48267,6,7860.243100000001,0.9634810425032768,am
202625,Fis-48267,7,2363.668,0.007512796209012243,am
202625,Fis-48267,8,1825.1406000000002,0.572562844205323,am
NA,Fis-49057,1,17225.6878,0.9823942923784781,am
NA,Fis-49057,2,42972.212400000004,0.9366711937067498,am
NA,Fis-49057,3,19552.9873,0.9645887037319938,am
NA,Fis-49057,4,11296.0492,0.8257764348117406,am
NA,Fis-49057,5,24313.3547,0.864346529410644,am
NA,Fis-49057,6,6730.3199,0.8249790179686108,am
NA,Fis-49057,7,6966.9762,0.022144172694151004,am
NA,Fis-49057,8,3169.1740000000004,0.9941980794364884,am
190157,Fis-49079,2,16638.658,0.362675105146282,am
190157,Fis-49079,4,39.9442,0.002920045626873432,am
190157,Fis-49079,5,5028.5497000000005,0.17876634198751418,am
190157,Fis-49079,7,310266.93690000003,0.9861673751661234,am
60479648,Fis-49729,2,19373.5379,0.4222876565488622,am
60479648,Fis-49729,3,1393.0344,0.06872122533164411,am
60479648,Fis-49729,4,1563.947,0.11432940446953056,am
60479648,Fis-49729,5,7565.9322,0.26897099637287974,am
60479648,Fis-49729,7,312623.6833,0.993658171428341,am
21133058,Fis-49750,2,21352.2119,0.46541708447509367,am
21133058,Fis-49750,3,5322.649,0.2625771203426493,am
21133058,Fis-49750,4,5378.456999999999,0.3931819849233881,am
21133058,Fis-49750,5,14750.7895,0.5243946739440267,am
21133058,Fis-49750,7,314618.9427,1,am
NA,Fis-49870,1,17079.4662,0.9740551614868542,am
NA,Fis-49870,2,45877.585100000004,0.9999999999999999,am
NA,Fis-49870,3,19552.9873,0.9645887037319938,am
NA,Fis-49870,4,12763.2577,0.9330339531532401,am
NA,Fis-49870,5,22114.4801,0.7861759251246292,am
NA,Fis-49870,6,592.962,0.07268320313462416,am
NA,Fis-49870,7,314618.9427,1,am
NA,Fis-49870,8,3169.1740000000004,0.9941980794364884,am
13462713,Fis-49902,2,11482.0856,0.25027659095334553,am
13462713,Fis-49902,5,2247.9465,0.07991512399462523,am
13462713,Fis-49902,7,291954.9284,0.9279636054158031,am
NA,Fis-49907,2,3231.1908000000003,0.07043070800167292,am
NA,Fis-49907,5,576.3184000000001,0.02048827959045468,am
NA,Fis-49907,7,184030.59100000001,0.5849316936249433,am
13462731,Fis-49909,1,75.69600000000001,0.004317001400424852,am
13462731,Fis-49909,2,22325.6819,0.4866359432680775,am
13462731,Fis-49909,3,3387.879,0.16713097404869912,am
13462731,Fis-49909,4,5378.456999999999,0.3931819849233881,am
13462731,Fis-49909,5,18485.6999,0.6571717786148075,am
13462731,Fis-49909,7,314618.9427,1,am
13462731,Fis-49909,8,113.544,0.03561976298288975,am
13485675,Fis-49913,1,17225.6878,0.9823942923784781,am
13485675,Fis-49913,2,45877.585100000004,0.9999999999999999,am
13485675,Fis-49913,3,19552.9873,0.9645887037319938,am
13485675,Fis-49913,4,12859.9962,0.9401058392812711,am
13485675,Fis-49913,5,27988.7549,0.9950080299013676,am
13485675,Fis-49913,6,7860.243100000001,0.9634810425032768,am
13485675,Fis-49913,7,314618.9427,1,am
13485675,Fis-49913,8,3169.1740000000004,0.9941980794364884,am
20662028,Fis-49921,5,6138.4785,0.21822461987678138,am
20662028,Fis-49921,7,99669.6044,0.3167946708632811,am
190316,Fis-49922,1,17225.6878,0.9823942923784781,am
190316,Fis-49922,2,45877.585100000004,0.9999999999999999,am
190316,Fis-49922,3,19552.9873,0.9645887037319938,am
190316,Fis-49922,4,12859.9962,0.9401058392812711,am
190316,Fis-49922,5,27988.7549,0.9950080299013676,am
190316,Fis-49922,6,7860.243100000001,0.9634810425032768,am
190316,Fis-49922,7,314618.9427,1,am
190316,Fis-49922,8,3169.1740000000004,0.9941980794364884,am
155012,Fis-50053,2,19373.5379,0.4222876565488622,am
155012,Fis-50053,3,3387.879,0.16713097404869912,am
155012,Fis-50053,4,5378.456999999999,0.3931819849233881,am
155012,Fis-50053,5,14750.7895,0.5243946739440267,am
155012,Fis-50053,7,314618.9427,1,am
NA,Fis-50075,1,9946.8143,0.5672745093910635,am
NA,Fis-50075,2,37447.5787,0.8162499969947197,am
NA,Fis-50075,3,19552.9873,0.9645887037319938,am
NA,Fis-50075,4,12859.9962,0.9401058392812711,am
NA,Fis-50075,5,27474.1849,0.976714923124176,am
NA,Fis-50075,6,4631.0917,0.5676629847547937,am
NA,Fis-50075,7,314618.9427,1,am
NA,Fis-50075,8,3169.1740000000004,0.9941980794364884,am
NA,Fis-50089,2,5634.971100000001,0.12282623611764604,am
NA,Fis-50089,5,2247.9465,0.07991512399462523,am
NA,Fis-50089,7,285977.2456,0.9089638505100729,am
NA,Fis-50127,2,16860.0992,0.36750188928318284,am
NA,Fis-50127,3,586.0902,0.02891302375509777,am
NA,Fis-50127,4,1563.947,0.11432940446953056,am
NA,Fis-50127,5,9583.6522,0.34070150418809475,am
NA,Fis-50127,7,314051.3662,0.9981959875170605,am
NA,Fis-50295,1,15093.991100000001,0.8608219815670609,am
NA,Fis-50295,2,45877.585100000004,0.9999999999999999,am
NA,Fis-50295,3,19261.7163,0.9502197118222654,am
NA,Fis-50295,4,8670.8461,0.633865898818791,am
NA,Fis-50295,5,14750.7895,0.5243946739440267,am
NA,Fis-50295,7,314618.9427,1,am
NA,Fis-50295,8,3169.1740000000004,0.9941980794364884,am
21132822,Fis-50301,7,38218.7609,0.12147635031766954,am
155189,Fis-50311,2,20022.7432,0.43643847330577995,am
155189,Fis-50311,3,58.043099999999995,0.002863384388818505,am
155189,Fis-50311,4,39.9442,0.002920045626873432,am
155189,Fis-50311,5,7066.6297,0.2512206534717803,am
155189,Fis-50311,7,310673.2386,0.9874587840575055,am
21112867,Fis-50370,2,21352.2119,0.46541708447509367,am
21112867,Fis-50370,3,3387.879,0.16713097404869912,am
21112867,Fis-50370,4,5813.2958,0.4249700576932743,am
21112867,Fis-50370,5,18940.3041,0.6733330845050844,am
21112867,Fis-50370,7,314618.9427,1,am
42830239,Fis-50380,7,214631.69210000001,0.6821957071563193,am
NA,Fis-50433,1,7446.4323,0.4246757908907848,am
NA,Fis-50433,2,40681.8077,0.8867469290575192,am
NA,Fis-50433,3,16704.0966,0.8240471207388349,am
NA,Fis-50433,4,1931.7629,0.14121789416990047,am
NA,Fis-50433,5,9583.6522,0.34070150418809475,am
NA,Fis-50433,7,314559.856,0.9998121959870154,am
NA,Fis-50433,8,2345.934,0.7359403672012831,am
190278,Fis-50449,2,13734.8875,0.29938122222566593,am
190278,Fis-50449,3,2013.7731,0.09934353018985281,am
190278,Fis-50449,4,1583.5043,0.1157591041089889,am
190278,Fis-50449,5,9583.6522,0.34070150418809475,am
190278,Fis-50449,7,314559.856,0.9998121959870154,am
60470361,Fis-50462,2,16860.0992,0.36750188928318284,am
60470361,Fis-50462,3,58.043099999999995,0.002863384388818505,am
60470361,Fis-50462,4,39.9442,0.002920045626873432,am
60470361,Fis-50462,5,7066.6297,0.2512206534717803,am
60470361,Fis-50462,7,310673.2386,0.9874587840575055,am
154698,Fis-50465,2,20622.5219,0.4495119316992995,am
154698,Fis-50465,3,1921.0815,0.09477086469792338,am
154698,Fis-50465,4,1563.947,0.11432940446953056,am
154698,Fis-50465,5,9583.6522,0.34070150418809475,am
154698,Fis-50465,7,314051.3662,0.9981959875170605,am
60471825,Fis-50466,2,554.3982000000001,0.012084293425461926,am
60471825,Fis-50466,5,576.3184000000001,0.02048827959045468,am
60471825,Fis-50466,7,258631.6779,0.8220473811286506,am
42830277,Fis-50469,2,20622.5219,0.4495119316992995,am
42830277,Fis-50469,3,1921.0815,0.09477086469792338,am
42830277,Fis-50469,4,1563.947,0.11432940446953056,am
42830277,Fis-50469,5,9583.6522,0.34070150418809475,am
42830277,Fis-50469,7,314051.3662,0.9981959875170605,am
18128749,Fis-50491,2,21352.2119,0.46541708447509367,am
18128749,Fis-50491,3,5322.649,0.2625771203426493,am
18128749,Fis-50491,4,5378.456999999999,0.3931819849233881,am
18128749,Fis-50491,5,14750.7895,0.5243946739440267,am
18128749,Fis-50491,7,314618.9427,1,am
21112879,Fis-50569,2,10956.2416,0.23881469733244523,am
21112879,Fis-50569,3,528.0471,0.026049639366279263,am
21112879,Fis-50569,4,1629.4821,0.11912022471781977,am
21112879,Fis-50569,5,15954.0686,0.5671715809908097,am
21112879,Fis-50569,7,309960.1473,0.985192260326034,am
60470687,Fis-50600,2,19373.5379,0.4222876565488622,am
60470687,Fis-50600,3,3348.7644,0.1652013711326784,am
60470687,Fis-50600,4,1583.5043,0.1157591041089889,am
60470687,Fis-50600,5,9583.6522,0.34070150418809475,am
60470687,Fis-50600,7,314559.856,0.9998121959870154,am
NA,Fis-50608,2,3231.1908000000003,0.07043070800167292,am
NA,Fis-50608,5,576.3184000000001,0.02048827959045468,am
NA,Fis-50608,7,269409.5353,0.8563042421666621,am
60470770,Fis-50614,2,19216.0733,0.4188553791162822,am
60470770,Fis-50614,4,39.9442,0.002920045626873432,am
60470770,Fis-50614,5,5028.5497000000005,0.17876634198751418,am
60470770,Fis-50614,7,308311.2069,0.97995118874322,am
NA,Fis-50627,2,184.50619999999998,0.004021706887967823,am
NA,Fis-50627,7,244041.1683,0.7756722027150846,am
NA,Fis-50631,1,36.989200000000004,0.002109522672275879,am
NA,Fis-50631,2,29002.779300000002,0.6321775489442665,am
NA,Fis-50631,3,2013.7731,0.09934353018985281,am
NA,Fis-50631,4,1583.5043,0.1157591041089889,am
NA,Fis-50631,5,9583.6522,0.34070150418809475,am
NA,Fis-50631,7,314559.856,0.9998121959870154,am
21112898,Fis-50633,2,13734.8875,0.29938122222566593,am
21112898,Fis-50633,3,2013.7731,0.09934353018985281,am
21112898,Fis-50633,4,3520.5135,0.2573605191748459,am
21112898,Fis-50633,5,11580.6555,0.4116955275499389,am
21112898,Fis-50633,7,314579.8281,0.999875676271542,am
60472409,Fis-50635,2,9577.1418,0.2087542702852509,am
60472409,Fis-50635,5,2247.9465,0.07991512399462523,am
60472409,Fis-50635,7,211818.3581,0.6732536708763149,am
42830286,Fis-50636,2,10425.4488,0.22724493404078497,am
42830286,Fis-50636,5,2247.9465,0.07991512399462523,am
42830286,Fis-50636,7,297304.9802,0.9449684677234789,am
60469175,Fis-50764,7,166512.405,0.5292510475403107,am
15522140,Fis-50841,2,20622.5219,0.4495119316992995,am
15522140,Fis-50841,3,3387.879,0.16713097404869912,am
15522140,Fis-50841,4,5378.456999999999,0.3931819849233881,am
15522140,Fis-50841,5,14750.7895,0.5243946739440267,am
15522140,Fis-50841,7,314618.9427,1,am
60477337,Fis-51000,7,168118.11920000002,0.534354726887206,am
NA,Fis-51602,1,2148.5933999999997,0.12253594267522185,am
NA,Fis-51602,2,28110.621,0.6127310524023201,am
NA,Fis-51602,3,6088.113,0.3003390191351426,am
NA,Fis-51602,4,5813.2958,0.4249700576932743,am
NA,Fis-51602,5,19372.5429,0.6886992941979254,am
NA,Fis-51602,7,314618.9427,1,am
NA,Fis-51602,8,338.06399999999996,0.10605368450158212,am
161594,Fis-52110,1,14542.0592,0.8293448786126227,am
161594,Fis-52110,2,43693.2538,0.9523878317649287,am
161594,Fis-52110,3,19166.0333,0.9454994744732038,am
161594,Fis-52110,4,8101.6062,0.5922526863715053,am
161594,Fis-52110,5,9536.6118,0.33902920487013644,am
161594,Fis-52110,7,21089.7772,0.06703276356792613,am
161594,Fis-52110,8,3169.1740000000004,0.9941980794364884,am
161430,Fis-52119,1,374.6252,0.021365164777986157,am
161430,Fis-52119,2,31209.9791,0.680288185003007,am
161430,Fis-52119,3,58.043099999999995,0.002863384388818505,am
161430,Fis-52119,4,39.9442,0.002920045626873432,am
161430,Fis-52119,5,6842.4409000000005,0.243250679208511,am
161430,Fis-52119,7,98258.4287,0.31230932205405315,am
161430,Fis-52119,8,113.544,0.03561976298288975,am
190109,Fis-52159,5,20.7833,7.38852101915012e-4,am
190109,Fis-52159,7,33672.4076,0.10702600202972458,am
154803,Fis-52166,2,6301.2924,0.1373501326686003,am
154803,Fis-52166,3,1921.0815,0.09477086469792338,am
154803,Fis-52166,4,1563.947,0.11432940446953056,am
154803,Fis-52166,5,7341.7434,0.26100102210961046,am
154803,Fis-52166,7,62014.4665,0.19710976703374447,am
NA,Fis-52195,1,75.69600000000001,0.004317001400424852,am
NA,Fis-52195,2,19420.3092,0.42330713697482736,am
NA,Fis-52195,3,1921.0815,0.09477086469792338,am
NA,Fis-52195,5,5908.252,0.21004000369737114,am
NA,Fis-52195,7,6399.3997,0.020340160211211593,am
NA,Fis-52195,8,113.544,0.03561976298288975,am
135660,Fis-52203,1,17516.7743,0.9989951805118639,am
135660,Fis-52203,2,40057.8489,0.8731464137156599,am
135660,Fis-52203,3,20005.025,0.986888644523189,am
135660,Fis-52203,4,12115.3598,0.8856705955304693,am
135660,Fis-52203,5,20764.8499,0.7381961957227547,am
135660,Fis-52203,6,4631.0917,0.5676629847547937,am
135660,Fis-52203,7,6053.3460000000005,0.019240246464663997,am
135660,Fis-52203,8,3187.6686000000004,1,am
NA,Fis-52352,1,5599.5185,0.319344869031453,am
NA,Fis-52352,2,35635.1079,0.7767433229609986,am
NA,Fis-52352,3,16386.0266,0.8083560795547579,am
NA,Fis-52352,4,1931.7629,0.14121789416990047,am
NA,Fis-52352,5,9583.6522,0.34070150418809475,am
NA,Fis-52352,7,314559.856,0.9998121959870154,am
NA,Fis-52352,8,2289.804,0.71833188682161,am
NA,Fis-52571,2,7915.404600000001,0.17253315715608578,am
NA,Fis-52571,4,39.9442,0.002920045626873432,am
NA,Fis-52571,5,3176.0977000000003,0.11291115758962414,am
NA,Fis-52571,7,306065.5355,0.9728134386105417,am
NA,Fis-52688,1,16762.326,0.9559684107004055,am
NA,Fis-52688,2,45877.585100000004,0.9999999999999999,am
NA,Fis-52688,3,19552.9873,0.9645887037319938,am
NA,Fis-52688,4,12763.2577,0.9330339531532401,am
NA,Fis-52688,5,21936.591500000002,0.7798519358632165,am
NA,Fis-52688,6,812.6551,0.09961241312544196,am
NA,Fis-52688,7,314618.9427,1,am
NA,Fis-52688,8,3169.1740000000004,0.9941980794364884,am
NA,Fis-52868,1,1609.06,0.09176593576103904,am
NA,Fis-52868,2,21352.2119,0.46541708447509367,am
NA,Fis-52868,3,5322.649,0.2625771203426493,am
NA,Fis-52868,4,5813.2958,0.4249700576932743,am
NA,Fis-52868,5,18940.3041,0.6733330845050844,am
NA,Fis-52868,7,314618.9427,1,am
NA,Fis-52868,8,224.51999999999998,0.07043392151869236,am
NA,Fis-52885,1,7446.4323,0.4246757908907848,am
NA,Fis-52885,2,40681.8077,0.8867469290575192,am
NA,Fis-52885,3,16704.0966,0.8240471207388349,am
NA,Fis-52885,4,2028.5013999999999,0.14828978029793147,am
NA,Fis-52885,5,9583.6522,0.34070150418809475,am
NA,Fis-52885,7,314559.856,0.9998121959870154,am
NA,Fis-52885,8,2345.934,0.7359403672012831,am
NA,Fis-52893,2,15529.3345,0.3384950290245334,am
NA,Fis-52893,5,3176.0977000000003,0.11291115758962414,am
NA,Fis-52893,7,302347.629,0.9609962655309628,am
NA,Fis-52894,2,9385.8298,0.2045842164434239,am
NA,Fis-52894,3,586.0902,0.02891302375509777,am
NA,Fis-52894,4,1563.947,0.11432940446953056,am
NA,Fis-52894,5,3675.4002,0.1306615004907236,am
NA,Fis-52894,7,313761.4248,0.9972744238072859,am
154674,Fis-52896,2,21352.2119,0.46541708447509367,am
154674,Fis-52896,3,3855.8514999999998,0.19021701099187355,am
154674,Fis-52896,4,1563.947,0.11432940446953056,am
154674,Fis-52896,5,9583.6522,0.34070150418809475,am
154674,Fis-52896,7,314051.3662,0.9981959875170605,am
NA,Fis-52940,1,9744.8935,0.5557588100625004,am
NA,Fis-52940,2,35635.1079,0.7767433229609986,am
NA,Fis-52940,3,19234.9173,0.9488976625479167,am
NA,Fis-52940,4,12545.8383,0.917139916768297,am
NA,Fis-52940,5,27296.2963,0.9703909338627632,am
NA,Fis-52940,6,7213.7733,0.88423904083403,am
NA,Fis-52940,7,314618.9427,1,am
NA,Fis-52940,8,3113.0440000000003,0.9765895990568154,am
NA,Fis-53166,2,18152.5612,0.39567386034885255,am
NA,Fis-53166,3,1393.0344,0.06872122533164411,am
NA,Fis-53166,4,1524.0028,0.11140935884265714,am
NA,Fis-53166,5,4389.8345,0.1560598387832556,am
NA,Fis-53166,7,19094.5178,0.06069093499626715,am
NA,Fis-53189,2,5897.4469,0.12854745704564122,am
NA,Fis-53189,7,2755.0051,0.00875664089503661,am
NA,Fis-53240,2,9229.2572,0.20117138205689905,am
NA,Fis-53240,7,4275.4737000000005,0.01358937152133529,am
NA,Fis-53296,7,1849.46,0.0058784127367802,am
190447,Fis-53389,2,10956.2416,0.23881469733244523,am
190447,Fis-53389,3,1955.73,0.09648014580103431,am
190447,Fis-53389,4,1530.4470000000001,0.11188044996549094,am
190447,Fis-53389,5,13578.1868,0.48270832145879966,am
190447,Fis-53389,7,310468.6371,0.9868084687959889,am
NA,Fis-53392,2,15703.4638,0.3422905492032971,am
NA,Fis-53392,4,39.9442,0.002920045626873432,am
NA,Fis-53392,5,3176.0977000000003,0.11291115758962414,am
NA,Fis-53392,7,308021.2655,0.9790296250334453,am
NA,Fis-53393,1,13663.863500000001,0.7792606989102993,am
NA,Fis-53393,2,41950.2646,0.9143956576737949,am
NA,Fis-53393,3,18808.848700000002,0.927878830373106,am
NA,Fis-53393,4,6186.8684,0.4522793801218056,am
NA,Fis-53393,5,12712.7095,0.4519403624597606,am
NA,Fis-53393,7,311106.4065,0.9888355857728842,am
NA,Fis-53393,8,3113.0440000000003,0.9765895990568154,am
NA,Fis-53394,2,11482.0856,0.25027659095334553,am
NA,Fis-53394,5,2247.9465,0.07991512399462523,am
NA,Fis-53394,7,277173.77,0.8809824596743837,am
NA,Fis-53396,1,1609.06,0.09176593576103904,am
NA,Fis-53396,2,21352.2119,0.46541708447509367,am
NA,Fis-53396,3,5283.5344,0.26064751742662856,am
NA,Fis-53396,4,3520.5135,0.2573605191748459,am
NA,Fis-53396,5,12712.7095,0.4519403624597606,am
NA,Fis-53396,7,314579.8281,0.999875676271542,am
NA,Fis-53396,8,224.51999999999998,0.07043392151869236,am
NA,Fis-53397,2,13724.7898,0.2991611212770656,am
NA,Fis-53397,4,39.9442,0.002920045626873432,am
NA,Fis-53397,5,5028.5497000000005,0.17876634198751418,am
NA,Fis-53397,7,308062.4311,0.9791604677590826,am
NA,Fis-53631,2,13724.7898,0.2991611212770656,am
NA,Fis-53631,4,39.9442,0.002920045626873432,am
NA,Fis-53631,5,3176.0977000000003,0.11291115758962414,am
NA,Fis-53631,7,306065.5355,0.9728134386105417,am
NA,Fis-53728,2,11482.0856,0.25027659095334553,am
NA,Fis-53728,5,2247.9465,0.07991512399462523,am
NA,Fis-53728,7,291954.9284,0.9279636054158031,am
NA,Fis-53729,2,14973.7738,0.32638539642750286,am
NA,Fis-53729,4,39.9442,0.002920045626873432,am
NA,Fis-53729,5,3176.0977000000003,0.11291115758962414,am
NA,Fis-53729,7,308021.2655,0.9790296250334453,am
187583,Fis-53989,7,1849.46,0.0058784127367802,am
NA,Fis-54023,2,10819.4171,0.23583231498381546,am
NA,Fis-54023,7,4151.9769,0.01319684334442333,am
184056,Fis-54081,1,17352.4932,0.9896261023734769,am
184056,Fis-54081,2,28535.8086,0.6219989246992863,am
184056,Fis-54081,3,16135.635,0.7960037517409214,am
184056,Fis-54081,4,10100.7502,0.7383963491483354,am
184056,Fis-54081,5,13482.1074,0.47929267203639164,am
184056,Fis-54081,6,3917.1483000000003,0.48015030574867823,am
184056,Fis-54081,7,39.1146,1.2432372845807036e-4,am
184056,Fis-54081,8,3187.6686000000004,1,am
NA,Fis-54370,1,15297.431700000001,0.8724243562645783,am
NA,Fis-54370,2,40057.8489,0.8731464137156599,am
NA,Fis-54370,3,19259.157,0.9500934563385594,am
NA,Fis-54370,4,7242.333,0.5294371349285039,am
NA,Fis-54370,5,11075.3893,0.3937331734533031,am
NA,Fis-54370,7,6053.3460000000005,0.019240246464663997,am
NA,Fis-54370,8,3187.6686000000004,1,am
NA,Fis-54429,2,7581.842900000001,0.1652624671388817,am
NA,Fis-54429,5,2023.7577000000001,0.07194514973135596,am
NA,Fis-54429,7,37911.0212,0.12049821563398191,am
155322,Fis-54508,2,2942.0009,0.06412719618060281,am
155322,Fis-54508,7,2708.1859,0.008607828494873395,am
NA,Fis-54537,1,374.6252,0.021365164777986157,am
NA,Fis-54537,2,28489.1126,0.6209810855977247,am
NA,Fis-54537,3,58.043099999999995,0.002863384388818505,am
NA,Fis-54537,5,3890.532,0.13830949588215613,am
NA,Fis-54537,7,4971.7168,0.015802344122492023,am
NA,Fis-54537,8,113.544,0.03561976298288975,am
NA,Fis-54551,2,12068.401100000001,0.2630565901342527,am
NA,Fis-54551,7,7638.5705,0.02427880036226439,am
NA,Fis-54628,1,36.989200000000004,0.002109522672275879,am
NA,Fis-54628,2,19919.3314,0.4341843921510158,am
NA,Fis-54628,5,1852.4520000000002,0.06585518439789004,am
NA,Fis-54628,7,4441.9183,0.01411840705419801,am
155082,Fis-54783,2,11354.1528,0.24748802220629523,am
155082,Fis-54783,7,3768.1452,0.011976854183230334,am
NA,Fis-54879,1,1872.6878000000002,0.10680083300515925,am
NA,Fis-54879,2,32299.0053,0.7040258380993117,am
NA,Fis-54879,3,2404.5104,0.11861939734631229,am
NA,Fis-54879,5,3890.532,0.13830949588215613,am
NA,Fis-54879,7,4971.7168,0.015802344122492023,am
NA,Fis-54879,8,1362.5280000000002,0.42743715579467706,am
NA,Fis-54895,2,14482.4871,0.3156767530032874,am
NA,Fis-54895,5,948.9345000000001,0.033734885696913915,am
NA,Fis-54895,7,23194.3839,0.07372214686423584,am
NA,Fis-54896,1,15093.991100000001,0.8608219815670609,am
NA,Fis-54896,2,44830.7377,0.977181723978754,am
NA,Fis-54896,3,19166.0333,0.9454994744732038,am
NA,Fis-54896,4,8574.1076,0.62679401269076,am
NA,Fis-54896,5,14526.6007,0.5164246996807574,am
NA,Fis-54896,7,80159.10800000001,0.2547815694506178,am
NA,Fis-54896,8,3169.1740000000004,0.9941980794364884,am
NA,Fis-54902,1,17516.7743,0.9989951805118639,am
NA,Fis-54902,2,42972.212400000004,0.9366711937067498,am
NA,Fis-54902,3,20063.0681,0.9897520289120075,am
NA,Fis-54902,4,13639.3626,0.9970799543731266,am
NA,Fis-54902,5,24438.5072,0.8687957356331841,am
NA,Fis-54902,6,7860.243100000001,0.9634810425032768,am
NA,Fis-54902,7,8917.420900000001,0.028343560064986513,am
NA,Fis-54902,8,3187.6686000000004,1,am
NA,Fis-54907,2,19373.5379,0.4222876565488622,am
NA,Fis-54907,3,3348.7644,0.1652013711326784,am
NA,Fis-54907,4,3520.5135,0.2573605191748459,am
NA,Fis-54907,5,11580.6555,0.4116955275499389,am
NA,Fis-54907,7,289968.9435,0.9216512553616181,am
NA,Fis-54909,1,3426.0486,0.19539020032925916,am
NA,Fis-54909,2,32524.6913,0.7089451467226421,am
NA,Fis-54909,3,4846.2175,0.23907378369382482,am
NA,Fis-54909,4,1524.0028,0.11140935884265714,am
NA,Fis-54909,5,7356.4890000000005,0.26152523229538455,am
NA,Fis-54909,7,33259.3046,0.10571297555886167,am
NA,Fis-54909,8,1362.5280000000002,0.42743715579467706,am
NA,Fis-55090,1,17516.7743,0.9989951805118639,am
NA,Fis-55090,2,42972.212400000004,0.9366711937067498,am
NA,Fis-55090,3,20063.0681,0.9897520289120075,am
NA,Fis-55090,4,12115.3598,0.8856705955304693,am
NA,Fis-55090,5,23939.204700000002,0.8510453927320847,am
NA,Fis-55090,6,7028.2478,0.861497975465334,am
NA,Fis-55090,7,6843.4794,0.021751644517239044,am
NA,Fis-55090,8,3187.6686000000004,1,am
NA,Fis-55519,5,3176.0977000000003,0.11291115758962414,am
NA,Fis-55519,7,151075.4177,0.4801853836374233,am
69743659,Fis-55752,7,1849.46,0.0058784127367802,am
155203,Fis-55811,1,4571.2004,0.2606990927978049,am
155203,Fis-55811,2,36008.1913,0.7848754728809821,am
155203,Fis-55811,3,6623.9378,0.3267723482898879,am
155203,Fis-55811,4,5813.2958,0.4249700576932743,am
155203,Fis-55811,5,16958.5705,0.6028819032299451,am
155203,Fis-55811,7,102204.1328,0.3248505379965477,am
155203,Fis-55811,8,338.06399999999996,0.10605368450158212,am
NA,Fis-56163,1,17079.4662,0.9740551614868542,am
NA,Fis-56163,2,45877.585100000004,0.9999999999999999,am
NA,Fis-56163,3,19552.9873,0.9645887037319938,am
NA,Fis-56163,4,12763.2577,0.9330339531532401,am
NA,Fis-56163,5,22451.161500000002,0.7981450426404082,am
NA,Fis-56163,6,812.6551,0.09961241312544196,am
NA,Fis-56163,7,217255.90840000001,0.6905366426304502,am
NA,Fis-56163,8,3169.1740000000004,0.9941980794364884,am
NA,Fis-56185,2,19254.0457,0.41968306871496597,am
NA,Fis-56185,3,3387.879,0.16713097404869912,am
NA,Fis-56185,4,5378.456999999999,0.3931819849233881,am
NA,Fis-56185,5,11356.4667,0.4037255532866696,am
NA,Fis-56185,7,130859.991,0.4159316978087346,am
NA,Fis-56826,2,18152.5612,0.39567386034885255,am
NA,Fis-56826,3,1393.0344,0.06872122533164411,am
NA,Fis-56826,4,1563.947,0.11432940446953056,am
NA,Fis-56826,5,7341.7434,0.26100102210961046,am
NA,Fis-56826,7,50889.515400000004,0.16174968666309741,am
NA,Fis-56840,2,8750.8422,0.1907433048388591,am
NA,Fis-56840,7,2878.5019,0.00914916907194857,am
NA,Fis-57179,1,17042.477,0.9719456388145783,am
NA,Fis-57179,2,41159.7416,0.8971645196730287,am
NA,Fis-57179,3,19552.9873,0.9645887037319938,am
NA,Fis-57179,4,12723.3135,0.9301139075263667,am
NA,Fis-57179,5,18760.4938,0.6669407782735923,am
NA,Fis-57179,6,592.962,0.07268320313462416,am
NA,Fis-57179,7,8917.420900000001,0.028343560064986513,am
NA,Fis-57179,8,3169.1740000000004,0.9941980794364884,am
NA,Fis-57210,1,15427.447600000001,0.8798392635566082,am
NA,Fis-57210,2,32346.790100000002,0.7050674099234573,am
NA,Fis-57210,3,17537.0606,0.8651389320660696,am
NA,Fis-57210,4,11296.0492,0.8257764348117406,am
NA,Fis-57210,5,17333.5803,0.6162136060379076,am
NA,Fis-57210,6,7860.243100000001,0.9634810425032768,am
NA,Fis-57210,7,2383.6401,0.007576276493538671,am
NA,Fis-57210,8,1825.1406000000002,0.572562844205323,am
NA,Fis-57501,2,7262.8603,0.1583095597592821,am
NA,Fis-57501,5,2247.9465,0.07991512399462523,am
NA,Fis-57501,7,198342.7723,0.6304222199650791,am
NA,Fis-57502,2,16785.2592,0.36587059156258855,am
NA,Fis-57502,3,58.043099999999995,0.002863384388818505,am
NA,Fis-57502,4,39.9442,0.002920045626873432,am
NA,Fis-57502,5,7066.6297,0.2512206534717803,am
NA,Fis-57502,7,142244.1855,0.4521157698874944,am
NA,Fis-57503,1,1684.7559999999999,0.09608293716146389,am
NA,Fis-57503,2,27747.7158,0.6048207581004519,am
NA,Fis-57503,3,6088.113,0.3003390191351426,am
NA,Fis-57503,4,5378.456999999999,0.3931819849233881,am
NA,Fis-57503,5,14526.6007,0.5164246996807574,am
NA,Fis-57503,7,127159.8303,0.40417092883454026,am
NA,Fis-57503,8,338.06399999999996,0.10605368450158212,am
NA,Fis-57505,2,7915.404600000001,0.17253315715608578,am
NA,Fis-57505,4,39.9442,0.002920045626873432,am
NA,Fis-57505,5,3176.0977000000003,0.11291115758962414,am
NA,Fis-57505,7,239607.8813,0.761581229800503,am
NA,Fis-57507,1,3738.9433999999997,0.21323483267159765,am
NA,Fis-57507,2,34046.4797,0.7421157767085695,am
NA,Fis-57507,3,6088.113,0.3003390191351426,am
NA,Fis-57507,4,5813.2958,0.4249700576932743,am
NA,Fis-57507,5,14981.2049,0.5325860055710343,am
NA,Fis-57507,7,83635.412,0.26583082150825627,am
NA,Fis-57507,8,338.06399999999996,0.10605368450158212,am
NA,Fis-57510,2,5634.971100000001,0.12282623611764604,am
NA,Fis-57510,5,2227.1632,0.07917627189271022,am
NA,Fis-57510,7,167060.6109,0.5309934915752929,am
NA,Fis-57512,2,5634.971100000001,0.12282623611764604,am
NA,Fis-57512,5,2247.9465,0.07991512399462523,am
NA,Fis-57512,7,192904.8841,0.61313817421331,am
NA,Fis-57528,2,7915.404600000001,0.17253315715608578,am
NA,Fis-57528,4,39.9442,0.002920045626873432,am
NA,Fis-57528,5,3176.0977000000003,0.11291115758962414,am
NA,Fis-57528,7,241921.6812,0.7689355228387524,am
NA,Fis-57529,2,21352.2119,0.46541708447509367,am
NA,Fis-57529,3,3387.879,0.16713097404869912,am
NA,Fis-57529,4,5378.456999999999,0.3931819849233881,am
NA,Fis-57529,5,14750.7895,0.5243946739440267,am
NA,Fis-57529,7,257053.3125,0.8170306285248349,am
NA,Fis-57562,5,7554.653200000001,0.268570024782348,am
NA,Fis-57562,7,41.165600000000005,1.3084272563732065e-4,am
NA,Fis-57568,1,13062.952200000002,0.7449902629079859,am
NA,Fis-57568,2,39586.4554,0.862871385093894,am
NA,Fis-57568,3,14026.8327,0.6919722374881583,am
NA,Fis-57568,4,7594.994,0.5552177541628059,am
NA,Fis-57568,5,14750.7895,0.5243946739440267,am
NA,Fis-57568,7,228986.1384,0.7278205706080011,am
NA,Fis-57568,8,3113.0440000000003,0.9765895990568154,am
18180983,Fis-57570,2,8802.8196,0.19187626333889138,am
18180983,Fis-57570,4,39.9442,0.002920045626873432,am
18180983,Fis-57570,5,9043.8676,0.32151201136013413,am
18180983,Fis-57570,7,226713.6662,0.720597635521836,am
NA,Fis-57574,1,17225.6878,0.9823942923784781,am
NA,Fis-57574,2,45877.585100000004,0.9999999999999999,am
NA,Fis-57574,3,19552.9873,0.9645887037319938,am
NA,Fis-57574,4,12859.9962,0.9401058392812711,am
NA,Fis-57574,5,27474.1849,0.976714923124176,am
NA,Fis-57574,6,4631.0917,0.5676629847547937,am
NA,Fis-57574,7,314618.9427,1,am
NA,Fis-57574,8,3169.1740000000004,0.9941980794364884,am
NA,Fis-57663,1,15093.991100000001,0.8608219815670609,am
NA,Fis-57663,2,45877.585100000004,0.9999999999999999,am
NA,Fis-57663,3,19166.0333,0.9454994744732038,am
NA,Fis-57663,4,8670.8461,0.633865898818791,am
NA,Fis-57663,5,14750.7895,0.5243946739440267,am
NA,Fis-57663,7,314618.9427,1,am
NA,Fis-57663,8,3169.1740000000004,0.9941980794364884,am
NA,Fis-61169,7,1972.9568,0.006270940913692162,am
60215,Fis-61628,1,9946.8143,0.5672745093910635,am
60215,Fis-61628,2,37263.0725,0.8122282901067519,am
60215,Fis-61628,3,19552.9873,0.9645887037319938,am
60215,Fis-61628,4,12763.2577,0.9330339531532401,am
60215,Fis-61628,5,27249.9961,0.9687449488609067,am
60215,Fis-61628,6,7698.8255,0.9436950389983245,am
60215,Fis-61628,7,127159.8303,0.40417092883454026,am
60215,Fis-61628,8,3169.1740000000004,0.9941980794364884,am
NA,Fis-62376,1,16347.492100000001,0.9323101126761546,am
NA,Fis-62376,2,42913.6192,0.9353940297088567,am
NA,Fis-62376,3,19234.9173,0.9488976625479167,am
NA,Fis-62376,4,12427.2459,0.9084704423765099,am
NA,Fis-62376,5,27296.2963,0.9703909338627632,am
NA,Fis-62376,6,4631.0917,0.5676629847547937,am
NA,Fis-62376,7,314618.9427,1,am
NA,Fis-62376,8,3113.0440000000003,0.9765895990568154,am
NA,Fis-62571,7,110594.6382,0.3515193244592898,am
NA,Fis-62940,1,17516.7743,0.9989951805118639,am
NA,Fis-62940,2,42972.212400000004,0.9366711937067498,am
NA,Fis-62940,3,20063.0681,0.9897520289120075,am
NA,Fis-62940,4,13639.3626,0.9970799543731266,am
NA,Fis-62940,5,24953.0772,0.8870888424103759,am
NA,Fis-62940,6,6730.3199,0.8249790179686108,am
NA,Fis-62940,7,8917.420900000001,0.028343560064986513,am
NA,Fis-62940,8,3187.6686000000004,1,am
NA,Fis-63259,2,8750.8422,0.1907433048388591,am
NA,Fis-63259,7,2878.5019,0.00914916907194857,am
NA,Fis-63650,2,9229.2572,0.20117138205689905,am
NA,Fis-63650,7,4275.4737000000005,0.01358937152133529,am
135719,Fis-63912,1,13079.453800000001,0.7459313619133395,am
135719,Fis-63912,2,30235.2395,0.6590416525650997,am
135719,Fis-63912,3,13166.1452,0.6495127694178583,am
135719,Fis-63912,4,6364.7787,0.46528517804718,am
135719,Fis-63912,5,19.7654,7.026654734903013e-4,am
135719,Fis-63912,7,2363.668,0.007512796209012243,am
135719,Fis-63912,8,1825.1406000000002,0.572562844205323,am
NA,Fis-63956,7,1849.46,0.0058784127367802,am
190315,Fis-64212,1,17225.6878,0.9823942923784781,am
190315,Fis-64212,2,45877.585100000004,0.9999999999999999,am
190315,Fis-64212,3,19552.9873,0.9645887037319938,am
190315,Fis-64212,4,12859.9962,0.9401058392812711,am
190315,Fis-64212,5,27988.7549,0.9950080299013676,am
190315,Fis-64212,6,7860.243100000001,0.9634810425032768,am
190315,Fis-64212,7,314618.9427,1,am
190315,Fis-64212,8,3169.1740000000004,0.9941980794364884,am
18127840,Fis-64697,4,239.6652,0.01752027376124059,am
18127840,Fis-64697,5,26821.9267,0.953526962498996,am
18127840,Fis-64697,6,6620.8113,0.8115558376994059,am
18127840,Fis-64697,7,133112.7776,0.4230920632357716,am
NA,Fis-64711,2,21352.2119,0.46541708447509367,am
NA,Fis-64711,3,5322.649,0.2625771203426493,am
NA,Fis-64711,4,5378.456999999999,0.3931819849233881,am
NA,Fis-64711,5,14750.7895,0.5243946739440267,am
NA,Fis-64711,7,314618.9427,1,am
NA,Fis-8227,1,15551.7991,0.8869311257375019,am
NA,Fis-8227,2,27777.0633,0.6054604495736633,am
NA,Fis-8227,3,7658.041700000001,0.37778680071707277,am
NA,Fis-8227,4,10915.8024,0.7979792075428851,am
NA,Fis-8227,5,12965.912,0.4609417818366226,am
NA,Fis-8227,6,8158.171,1,am
NA,Fis-8227,7,2363.668,0.007512796209012243,am
NA,Fis-8227,8,992.4846,0.31135124899746475,am
NA,Hex-1246,1,15850.7283,0.9039792891150632,am
NA,Hex-1246,2,31198.594100000002,0.6800400246001614,am
NA,Hex-1246,3,9781.9092,0.4825615119819602,am
NA,Hex-1246,4,11767.1012,0.8602118054695578,am
NA,Hex-1246,5,12965.912,0.4609417818366226,am
NA,Hex-1246,6,4916.4229000000005,0.6026378829274356,am
NA,Hex-1246,7,2363.668,0.007512796209012243,am
NA,Hex-1246,8,1825.1406000000002,0.572562844205323,am
NA,Hex-1267,1,17516.7743,0.9989951805118639,am
NA,Hex-1267,2,38559.7863,0.8404929382388089,am
NA,Hex-1267,3,19476.9779,0.9608390051569098,am
NA,Hex-1267,4,12115.3598,0.8856705955304693,am
NA,Hex-1267,5,22415.6947,0.7968841880250103,am
NA,Hex-1267,6,8158.171,1,am
NA,Hex-1267,7,2424.8057,0.007707119219175992,am
NA,Hex-1267,8,3187.6686000000004,1,am
NA,Hex-1431,1,15850.7283,0.9039792891150632,am
NA,Hex-1431,2,31198.594100000002,0.6800400246001614,am
NA,Hex-1431,3,9781.9092,0.4825615119819602,am
NA,Hex-1431,4,11767.1012,0.8602118054695578,am
NA,Hex-1431,5,12965.912,0.4609417818366226,am
NA,Hex-1431,6,4631.0917,0.5676629847547937,am
NA,Hex-1431,7,2363.668,0.007512796209012243,am
NA,Hex-1431,8,1825.1406000000002,0.572562844205323,am
NA,Hex-1985,1,15850.7283,0.9039792891150632,am
NA,Hex-1985,2,31198.594100000002,0.6800400246001614,am
NA,Hex-1985,3,13609.229200000002,0.6713710059444267,am
NA,Hex-1985,4,11767.1012,0.8602118054695578,am
NA,Hex-1985,5,12965.912,0.4609417818366226,am
NA,Hex-1985,6,8158.171,1,am
NA,Hex-1985,7,2363.668,0.007512796209012243,am
NA,Hex-1985,8,1825.1406000000002,0.572562844205323,am
NA,Hex-2453,1,3562.3001000000004,0.20316072871001886,am
NA,Hex-2453,2,21159.5277,0.4612171206021042,am
NA,Hex-2453,3,5489.7039,0.27081827894264887,am
NA,Hex-2453,4,10915.8024,0.7979792075428851,am
NA,Hex-2453,5,12451.342,0.4426486750594309,am
NA,Hex-2453,6,8158.171,1,am
NA,Hex-2453,7,2363.668,0.007512796209012243,am
NA,Hex-3591,1,15798.5385,0.9010028644732342,am
NA,Hex-3591,2,31198.594100000002,0.6800400246001614,am
NA,Hex-3591,3,13609.229200000002,0.6713710059444267,am
NA,Hex-3591,4,11767.1012,0.8602118054695578,am
NA,Hex-3591,5,12965.912,0.4609417818366226,am
NA,Hex-3591,6,6889.89,0.8445385614005885,am
NA,Hex-3591,7,2363.668,0.007512796209012243,am
NA,Hex-3591,8,1825.1406000000002,0.572562844205323,am
NA,Hex-3898,1,15551.7991,0.8869311257375019,am
NA,Hex-3898,2,27777.0633,0.6054604495736633,am
NA,Hex-3898,3,7658.041700000001,0.37778680071707277,am
NA,Hex-3898,4,10915.8024,0.7979792075428851,am
NA,Hex-3898,5,12965.912,0.4609417818366226,am
NA,Hex-3898,6,7028.2478,0.861497975465334,am
NA,Hex-3898,7,2363.668,0.007512796209012243,am
NA,Hex-3898,8,992.4846,0.31135124899746475,am
NA,Hex-483,1,15588.7883,0.8890406484097778,am
NA,Hex-483,2,29589.5341,0.6449671236073844,am
NA,Hex-483,3,7658.041700000001,0.37778680071707277,am
NA,Hex-483,4,10915.8024,0.7979792075428851,am
NA,Hex-483,5,12965.912,0.4609417818366226,am
NA,Hex-483,6,8158.171,1,am
NA,Hex-483,7,2363.668,0.007512796209012243,am
NA,Hex-483,8,992.4846,0.31135124899746475,am
NA,Hex-5236,1,15588.7883,0.8890406484097778,am
NA,Hex-5236,2,29589.5341,0.6449671236073844,am
NA,Hex-5236,3,8717.7857,0.43006613152028755,am
NA,Hex-5236,4,10915.8024,0.7979792075428851,am
NA,Hex-5236,5,12965.912,0.4609417818366226,am
NA,Hex-5236,6,8158.171,1,am
NA,Hex-5236,7,2363.668,0.007512796209012243,am
NA,Hex-5236,8,1825.1406000000002,0.572562844205323,am
NA,Hex-5992,1,15536.5985,0.8860642237679487,am
NA,Hex-5992,2,29589.5341,0.6449671236073844,am
NA,Hex-5992,3,8717.7857,0.43006613152028755,am
NA,Hex-5992,4,10915.8024,0.7979792075428851,am
NA,Hex-5992,5,12451.342,0.4426486750594309,am
NA,Hex-5992,6,8158.171,1,am
NA,Hex-5992,7,2363.668,0.007512796209012243,am
NA,Hex-5992,8,1825.1406000000002,0.572562844205323,am
NA,Hex-7312,1,17516.7743,0.9989951805118639,am
NA,Hex-7312,2,40057.8489,0.8731464137156599,am
NA,Hex-7312,3,20005.025,0.986888644523189,am
NA,Hex-7312,4,12115.3598,0.8856705955304693,am
NA,Hex-7312,5,22415.6947,0.7968841880250103,am
NA,Hex-7312,6,8158.171,1,am
NA,Hex-7312,7,4203.886,0.013361833727883798,am
NA,Hex-7312,8,3187.6686000000004,1,am
NA,ITS-154685,1,17334.9378,0.9886249043394326,am
NA,ITS-154685,2,33024.8441,0.7198470457417341,am
NA,ITS-154685,3,17783.0726,0.8772752052882444,am
NA,ITS-154685,4,11296.0492,0.8257764348117406,am
NA,ITS-154685,5,13045.3979,0.46376752771372615,am
NA,ITS-154685,6,592.962,0.07268320313462416,am
NA,ITS-154685,7,2383.6401,0.007576276493538671,am
NA,ITS-154685,8,3074.1246,0.9643802370171103,am
NA,ITS-158580,1,17225.6878,0.9823942923784781,am
NA,ITS-158580,2,44656.6084,0.9733862037999903,am
NA,ITS-158580,3,19552.9873,0.9645887037319938,am
NA,ITS-158580,4,12820.052,0.9371857936543977,am
NA,ITS-158580,5,25740.8084,0.9150929059067424,am
NA,ITS-158580,6,4631.0917,0.5676629847547937,am
NA,ITS-158580,7,23972.5112,0.07619538415033901,am
NA,ITS-158580,8,3169.1740000000004,0.9941980794364884,am
NA,ITS-158582,1,15093.991100000001,0.8608219815670609,am
NA,ITS-158582,2,44656.6084,0.9733862037999903,am
NA,ITS-158582,3,19166.0333,0.9454994744732038,am
NA,ITS-158582,4,8670.8461,0.633865898818791,am
NA,ITS-158582,5,14526.6007,0.5164246996807574,am
NA,ITS-158582,7,62360.0373,0.19820814590767485,am
NA,ITS-158582,8,3169.1740000000004,0.9941980794364884,am
NA,ITS-158597,2,4675.1291,0.1019044287054246,am
NA,ITS-158597,5,800.5072000000001,0.02845825385372395,am
NA,ITS-158597,7,117969.6058,0.3749602766686813,am
NA,ITS-158600,2,4120.7309000000005,0.08982013527996267,am
NA,ITS-158600,7,9142.4982,0.029058956595368408,am
22698305,ITS-174525,7,123.49680000000001,3.925281769119619e-4,am
22698175,ITS-174550,1,9946.8143,0.5672745093910635,am
22698175,ITS-174550,2,28566.9895,0.6226785790431676,am
22698175,ITS-174550,3,18966.897100000002,0.935675679976896,am
22698175,ITS-174550,4,11296.0492,0.8257764348117406,am
22698175,ITS-174550,5,19908.2527,0.7077439267512962,am
22698175,ITS-174550,6,6568.9023,0.8051930144636585,am
22698175,ITS-174550,7,2383.6401,0.007576276493538671,am
22698175,ITS-174550,8,3169.1740000000004,0.9941980794364884,am
22697852,ITS-174594,1,15551.7991,0.8869311257375019,am
22697852,ITS-174594,2,27777.0633,0.6054604495736633,am
22697852,ITS-174594,3,6230.3588,0.3073562942823177,am
22697852,ITS-174594,4,10896.2451,0.7965495079034267,am
22697852,ITS-174594,5,12965.912,0.4609417818366226,am
22697852,ITS-174594,6,8158.171,1,am
22697852,ITS-174594,7,1855.1782,0.0058965877390573275,am
22697852,ITS-174594,8,992.4846,0.31135124899746475,am
22697611,ITS-174684,1,10506.5476,0.5991965322187481,am
22697611,ITS-174684,2,24321.4977,0.5301390133544758,am
22697611,ITS-174684,3,6230.3588,0.3073562942823177,am
22697611,ITS-174684,4,10896.2451,0.7965495079034267,am
22697611,ITS-174684,5,12451.342,0.4426486750594309,am
22697611,ITS-174684,6,8158.171,1,am
22697611,ITS-174684,7,1855.1782,0.0058965877390573275,am
22697611,ITS-174684,8,992.4846,0.31135124899746475,am
22696887,ITS-174728,1,15551.7991,0.8869311257375019,am
22696887,ITS-174728,2,27777.0633,0.6054604495736633,am
22696887,ITS-174728,3,6230.3588,0.3073562942823177,am
22696887,ITS-174728,4,10896.2451,0.7965495079034267,am
22696887,ITS-174728,5,12965.912,0.4609417818366226,am
22696887,ITS-174728,6,7028.2478,0.861497975465334,am
22696887,ITS-174728,7,1855.1782,0.0058965877390573275,am
22696887,ITS-174728,8,992.4846,0.31135124899746475,am
22697724,ITS-174763,1,17516.7743,0.9989951805118639,am
22697724,ITS-174763,2,38559.7863,0.8404929382388089,am
22697724,ITS-174763,3,19476.9779,0.9608390051569098,am
22697724,ITS-174763,4,12115.3598,0.8856705955304693,am
22697724,ITS-174763,5,22415.6947,0.7968841880250103,am
22697724,ITS-174763,6,8158.171,1,am
22697724,ITS-174763,7,4274.2657,0.01358553195595619,am
22697724,ITS-174763,8,3187.6686000000004,1,am
22680415,ITS-175153,1,15551.7991,0.8869311257375019,am
22680415,ITS-175153,2,27777.0633,0.6054604495736633,am
22680415,ITS-175153,3,6230.3588,0.3073562942823177,am
22680415,ITS-175153,4,10896.2451,0.7965495079034267,am
22680415,ITS-175153,5,12965.912,0.4609417818366226,am
22680415,ITS-175153,6,8158.171,1,am
22680415,ITS-175153,7,1855.1782,0.0058965877390573275,am
22680415,ITS-175153,8,992.4846,0.31135124899746475,am
22680409,ITS-175160,1,15551.7991,0.8869311257375019,am
22680409,ITS-175160,2,27777.0633,0.6054604495736633,am
22680409,ITS-175160,3,6230.3588,0.3073562942823177,am
22680409,ITS-175160,4,10896.2451,0.7965495079034267,am
22680409,ITS-175160,5,12965.912,0.4609417818366226,am
22680409,ITS-175160,6,8158.171,1,am
22680409,ITS-175160,7,1855.1782,0.0058965877390573275,am
22680409,ITS-175160,8,992.4846,0.31135124899746475,am
22724836,ITS-175163,1,15445.6586,0.8808778509654955,am
22724836,ITS-175163,2,27777.0633,0.6054604495736633,am
22724836,ITS-175163,3,7299.1277,0.36008084179123306,am
22724836,ITS-175163,4,10096.4918,0.7380850468241563,am
22724836,ITS-175163,5,12886.0236,0.45810172697244667,am
22724836,ITS-175163,6,7860.243100000001,0.9634810425032768,am
22724836,ITS-175163,7,2363.668,0.007512796209012243,am
22724836,ITS-175163,8,992.4846,0.31135124899746475,am
22724879,ITS-175171,1,15551.7991,0.8869311257375019,am
22724879,ITS-175171,2,27777.0633,0.6054604495736633,am
22724879,ITS-175171,3,6230.3588,0.3073562942823177,am
22724879,ITS-175171,4,10896.2451,0.7965495079034267,am
22724879,ITS-175171,5,12965.912,0.4609417818366226,am
22724879,ITS-175171,6,8158.171,1,am
22724879,ITS-175171,7,1855.1782,0.0058965877390573275,am
22724879,ITS-175171,8,992.4846,0.31135124899746475,am
22694245,ITS-176793,1,15551.7991,0.8869311257375019,am
22694245,ITS-176793,2,27777.0633,0.6054604495736633,am
22694245,ITS-176793,3,6230.3588,0.3073562942823177,am
22694245,ITS-176793,4,10896.2451,0.7965495079034267,am
22694245,ITS-176793,5,12965.912,0.4609417818366226,am
22694245,ITS-176793,6,8158.171,1,am
22694245,ITS-176793,7,1855.1782,0.0058965877390573275,am
22694245,ITS-176793,8,992.4846,0.31135124899746475,am
22694251,ITS-176794,1,15551.7991,0.8869311257375019,am
22694251,ITS-176794,2,27777.0633,0.6054604495736633,am
22694251,ITS-176794,3,6230.3588,0.3073562942823177,am
22694251,ITS-176794,4,10896.2451,0.7965495079034267,am
22694251,ITS-176794,5,12965.912,0.4609417818366226,am
22694251,ITS-176794,6,8158.171,1,am
22694251,ITS-176794,7,1855.1782,0.0058965877390573275,am
22694251,ITS-176794,8,992.4846,0.31135124899746475,am
22694343,ITS-176808,1,15551.7991,0.8869311257375019,am
22694343,ITS-176808,2,27777.0633,0.6054604495736633,am
22694343,ITS-176808,3,6230.3588,0.3073562942823177,am
22694343,ITS-176808,4,10896.2451,0.7965495079034267,am
22694343,ITS-176808,5,12965.912,0.4609417818366226,am
22694343,ITS-176808,6,8158.171,1,am
22694343,ITS-176808,7,1855.1782,0.0058965877390573275,am
22694343,ITS-176808,8,992.4846,0.31135124899746475,am
22694346,ITS-176811,1,15551.7991,0.8869311257375019,am
22694346,ITS-176811,2,27777.0633,0.6054604495736633,am
22694346,ITS-176811,3,6230.3588,0.3073562942823177,am
22694346,ITS-176811,4,10896.2451,0.7965495079034267,am
22694346,ITS-176811,5,12965.912,0.4609417818366226,am
22694346,ITS-176811,6,8158.171,1,am
22694346,ITS-176811,7,1855.1782,0.0058965877390573275,am
22694346,ITS-176811,8,992.4846,0.31135124899746475,am
62030608,ITS-176824,1,15445.6586,0.8808778509654955,am
62030608,ITS-176824,2,27777.0633,0.6054604495736633,am
62030608,ITS-176824,3,7299.1277,0.36008084179123306,am
62030608,ITS-176824,4,10096.4918,0.7380850468241563,am
62030608,ITS-176824,5,12886.0236,0.45810172697244667,am
62030608,ITS-176824,6,7860.243100000001,0.9634810425032768,am
62030608,ITS-176824,7,2363.668,0.007512796209012243,am
62030608,ITS-176824,8,992.4846,0.31135124899746475,am
22694479,ITS-176866,1,15551.7991,0.8869311257375019,am
22694479,ITS-176866,2,27777.0633,0.6054604495736633,am
22694479,ITS-176866,3,6230.3588,0.3073562942823177,am
22694479,ITS-176866,4,10896.2451,0.7965495079034267,am
22694479,ITS-176866,5,12965.912,0.4609417818366226,am
22694479,ITS-176866,6,8158.171,1,am
22694479,ITS-176866,7,1855.1782,0.0058965877390573275,am
22694479,ITS-176866,8,992.4846,0.31135124899746475,am
22694646,ITS-176887,1,10506.5476,0.5991965322187481,am
22694646,ITS-176887,2,22143.545000000002,0.4826658803364085,am
22694646,ITS-176887,3,6230.3588,0.3073562942823177,am
22694646,ITS-176887,4,10896.2451,0.7965495079034267,am
22694646,ITS-176887,5,12451.342,0.4426486750594309,am
22694646,ITS-176887,6,8158.171,1,am
22694646,ITS-176887,7,1855.1782,0.0058965877390573275,am
22694646,ITS-176887,8,992.4846,0.31135124899746475,am
22694629,ITS-176890,1,15551.7991,0.8869311257375019,am
22694629,ITS-176890,2,27777.0633,0.6054604495736633,am
22694629,ITS-176890,3,6230.3588,0.3073562942823177,am
22694629,ITS-176890,4,10896.2451,0.7965495079034267,am
22694629,ITS-176890,5,12965.912,0.4609417818366226,am
22694629,ITS-176890,6,8158.171,1,am
22694629,ITS-176890,7,1855.1782,0.0058965877390573275,am
22694629,ITS-176890,8,992.4846,0.31135124899746475,am
22694552,ITS-176931,1,15499.6093,0.8839547010956729,am
22694552,ITS-176931,2,27777.0633,0.6054604495736633,am
22694552,ITS-176931,3,6230.3588,0.3073562942823177,am
22694552,ITS-176931,4,10896.2451,0.7965495079034267,am
22694552,ITS-176931,5,12451.342,0.4426486750594309,am
22694552,ITS-176931,6,8158.171,1,am
22694552,ITS-176931,7,1855.1782,0.0058965877390573275,am
22694552,ITS-176931,8,992.4846,0.31135124899746475,am
22694918,ITS-177021,1,13332.4565,0.7603603014902163,am
22694918,ITS-177021,2,25633.7641,0.5587426636368442,am
22694918,ITS-177021,3,3757.9538000000002,0.1853875179792461,am
22694918,ITS-177021,7,170.316,5.413405770751769e-4,am
22694918,ITS-177021,8,992.4846,0.31135124899746475,am
NA,ITS-181145,2,10751.6598,0.23435539984426948,am
NA,ITS-181145,3,586.0902,0.02891302375509777,am
NA,ITS-181145,4,1563.947,0.11432940446953056,am
NA,ITS-181145,5,11560.8901,0.4109928620764486,am
NA,ITS-181145,7,313822.5625,0.9974687468174497,am
NA,ITS-551539,7,29732.7654,0.09450405352214032,am
NA,ITS-551549,1,5453.2969,0.31100573813982907,am
NA,ITS-551549,2,35237.7039,0.7680810535949504,am
NA,ITS-551549,3,8001.773,0.39474376611637585,am
NA,ITS-551549,4,6395.4366,0.46752636617522164,am
NA,ITS-551549,5,11580.6555,0.4116955275499389,am
NA,ITS-551549,7,314618.9427,1,am
NA,ITS-551549,8,113.544,0.03561976298288975,am
NA,ITS-551983,2,8590.4171,0.18724649698268445,am
NA,ITS-551983,5,2247.9465,0.07991512399462523,am
NA,ITS-551983,7,290079.5416,0.9220027856892292,am
NA,ITS-551986,2,10913.6532,0.23788639215013954,am
NA,ITS-551986,7,19984.1852,0.06351869670814961,am
NA,ITS-552060,2,10049.485700000001,0.219050014905863,am
NA,ITS-552060,5,2931.1256000000003,0.10420233122443985,am
NA,ITS-552060,7,84538.9744,0.2687027477573428,am
NA,ITS-552848,3,39.1146,0.0019296029160206863,am
NA,ITS-552848,4,9754.7308,0.713101251592661,am
NA,ITS-552848,5,12965.912,0.4609417818366226,am
NA,ITS-552848,6,8158.171,1,am
NA,ITS-552848,7,39.1146,1.2432372845807036e-4,am
22698375,ITS-554453,1,17516.7743,0.9989951805118639,am
22698375,ITS-554453,2,38559.7863,0.8404929382388089,am
22698375,ITS-554453,3,19476.9779,0.9608390051569098,am
22698375,ITS-554453,4,12115.3598,0.8856705955304693,am
22698375,ITS-554453,5,22415.6947,0.7968841880250103,am
22698375,ITS-554453,6,8158.171,1,am
22698375,ITS-554453,7,4274.2657,0.01358553195595619,am
22698375,ITS-554453,8,3187.6686000000004,1,am
NA,ITS-612378,7,1849.46,0.0058784127367802,am
NA,ITS-64279,2,18152.5612,0.39567386034885255,am
NA,ITS-64279,3,3387.879,0.16713097404869912,am
NA,ITS-64279,4,5338.5127999999995,0.3902619392965146,am
NA,ITS-64279,5,10485.5463,0.37276409056705034,am
NA,ITS-64279,7,36177.493800000004,0.11498828865653041,am
NA,ITS-657028,4,1760.7768,0.1287182768647312,am
NA,ITS-657028,5,4671.7388,0.16608161514186467,am
NA,ITS-657029,1,5788.7901,0.33013917470494497,am
NA,ITS-657029,2,17662.7923,0.3849983006189225,am
NA,ITS-657029,3,9367.511400000001,0.4621184241510081,am
NA,ITS-657029,4,11357.865099999999,0.8302953699378977,am
NA,ITS-657029,5,12451.342,0.4426486750594309,am
NA,ITS-657029,6,7698.8255,0.9436950389983245,am
NA,ITS-657029,7,2363.668,0.007512796209012243,am
NA,ITS-657029,8,1806.6460000000002,0.5667609236418114,am
NA,ITS-660028,2,2942.0009,0.06412719618060281,am
NA,ITS-660028,7,8068.4927,0.02564528578844531,am
22694218,ITS-660062,1,17516.7743,0.9989951805118639,am
22694218,ITS-660062,2,38559.7863,0.8404929382388089,am
22694218,ITS-660062,3,19476.9779,0.9608390051569098,am
22694218,ITS-660062,4,12115.3598,0.8856705955304693,am
22694218,ITS-660062,5,20250.2799,0.7199030889455631,am
22694218,ITS-660062,6,4631.0917,0.5676629847547937,am
22694218,ITS-660062,7,4274.2657,0.01358553195595619,am
22694218,ITS-660062,8,3187.6686000000004,1,am
185038,ITS-660110,1,10992.038900000001,0.6268844763900925,am
185038,ITS-660110,2,39586.4554,0.862871385093894,am
185038,ITS-660110,3,11902.9652,0.5871975262232709,am
185038,ITS-660110,4,6743.6952,0.4929851562361332,am
185038,ITS-660110,5,14750.7895,0.5243946739440267,am
185038,ITS-660110,7,176526.4491,0.5610801675992029,am
185038,ITS-660110,8,2280.3880000000004,0.7153780038489572,am
185061,ITS-660111,2,13649.9498,0.29752982355647134,am
185061,ITS-660111,4,39.9442,0.002920045626873432,am
185061,ITS-660111,5,3176.0977000000003,0.11291115758962414,am
185061,ITS-660111,7,135639.9508,0.4311245522471206,am
NA,ITS-660123,2,4626.396900000001,0.1008422062738433,am
NA,ITS-660123,7,18416.8974,0.05853715368168771,am
NA,ITS-660125,7,5548.38,0.0176352382103406,am
NA,ITS-660135,2,10751.6598,0.23435539984426948,am
NA,ITS-660135,3,58.043099999999995,0.002863384388818505,am
NA,ITS-660135,4,39.9442,0.002920045626873432,am
NA,ITS-660135,5,5028.5497000000005,0.17876634198751418,am
NA,ITS-660135,7,156266.96050000002,0.4966864333054667,am
NA,ITS-660182,2,19373.5379,0.4222876565488622,am
NA,ITS-660182,3,3387.879,0.16713097404869912,am
NA,ITS-660182,4,5378.456999999999,0.3931819849233881,am
NA,ITS-660182,5,14750.7895,0.5243946739440267,am
NA,ITS-660182,7,167069.5644,0.5310219498109069,am
NA,ITS-667657,2,7915.404600000001,0.17253315715608578,am
NA,ITS-667657,4,39.9442,0.002920045626873432,am
NA,ITS-667657,5,3176.0977000000003,0.11291115758962414,am
NA,ITS-667657,7,212613.9612,0.675782454086799,am
NA,ITS-667658,2,7915.404600000001,0.17253315715608578,am
NA,ITS-667658,4,39.9442,0.002920045626873432,am
NA,ITS-667658,5,3176.0977000000003,0.11291115758962414,am
NA,ITS-667658,7,212613.9612,0.675782454086799,am
NA,ITS-667660,2,7262.8603,0.1583095597592821,am
NA,ITS-667660,5,2247.9465,0.07991512399462523,am
NA,ITS-667660,7,194591.8941,0.6185002480462535,am
NA,ITS-682544,2,18801.7665,0.4098246771057703,am
NA,ITS-682544,3,58.043099999999995,0.002863384388818505,am
NA,ITS-682544,4,39.9442,0.002920045626873432,am
NA,ITS-682544,5,6842.4409000000005,0.243250679208511,am
NA,ITS-682544,7,50788.5307,0.1614287120290421,am
NA,ITS-682581,2,10819.4171,0.23583231498381546,am
NA,ITS-682581,7,4151.9769,0.01319684334442333,am
NA,ITS-682635,2,5422.7892,0.11820127820982451,am
NA,ITS-682635,3,1955.73,0.09648014580103431,am
NA,ITS-682635,4,3346.3834,0.24463106566189452,am
NA,ITS-682635,5,9943.3353,0.3534883385434814,am
NA,ITS-682635,7,3643.058,0.011579271002362312,am
NA,ITS-684695,2,14789.267600000001,0.32236368953953504,am
NA,ITS-684695,4,39.9442,0.002920045626873432,am
NA,ITS-684695,5,2951.9089,0.10494118332635487,am
NA,ITS-684695,7,95606.4556,0.30388016302999293,am
22694716,ITS-824103,1,5647.6931,0.322092303713139,am
22694716,ITS-824103,2,20510.3726,0.44706739806145546,am
22694716,ITS-824103,3,1973.8236000000002,0.0973727399556802,am
22694716,ITS-824103,4,232.17240000000004,0.01697252670727438,am
22694716,ITS-824103,7,1816.0636,0.005772264010599258,am
22694716,ITS-824103,8,18.494600000000002,0.005801920563511527,am
NA,ITS-85107,1,15551.7991,0.8869311257375019,am
NA,ITS-85107,2,27777.0633,0.6054604495736633,am
NA,ITS-85107,3,7658.041700000001,0.37778680071707277,am
NA,ITS-85107,4,10049.038199999999,0.7346160406315325,am
NA,ITS-85107,5,2629.6238000000003,0.09348385828409066,am
NA,ITS-85107,7,2363.668,0.007512796209012243,am
NA,ITS-85107,8,992.4846,0.31135124899746475,am
NA,ITS-87294,2,12416.544,0.2706451085630486,am
NA,ITS-87294,3,58.043099999999995,0.002863384388818505,am
NA,ITS-87294,4,1563.947,0.11432940446953056,am
NA,ITS-87294,5,7565.9322,0.26897099637287974,am
NA,ITS-87294,7,312623.6833,0.993658171428341,am
NA,ITS-89476,1,15588.7883,0.8890406484097778,am
NA,ITS-89476,2,29589.5341,0.6449671236073844,am
NA,ITS-89476,3,8717.7857,0.43006613152028755,am
NA,ITS-89476,4,10915.8024,0.7979792075428851,am
NA,ITS-89476,5,12965.912,0.4609417818366226,am
NA,ITS-89476,6,7028.2478,0.861497975465334,am
NA,ITS-89476,7,2363.668,0.007512796209012243,am
NA,ITS-89476,8,1825.1406000000002,0.572562844205323,am
NA,ITS-89606,1,15850.7283,0.9039792891150632,am
NA,ITS-89606,2,31198.594100000002,0.6800400246001614,am
NA,ITS-89606,3,13609.229200000002,0.6713710059444267,am
NA,ITS-89606,4,11767.1012,0.8602118054695578,am
NA,ITS-89606,5,12965.912,0.4609417818366226,am
NA,ITS-89606,6,5135.9093,0.6295417563569089,am
NA,ITS-89606,7,2363.668,0.007512796209012243,am
NA,ITS-89606,8,1825.1406000000002,0.572562844205323,am
NA,ITS-89654,1,14814.4717,0.8448807740891768,am
NA,ITS-89654,2,36278.0882,0.7907584525411299,am
NA,ITS-89654,3,18966.897100000002,0.935675679976896,am
NA,ITS-89654,4,10703.0872,0.7824290628528048,am
NA,ITS-89654,5,10226.9545,0.3635710800745883,am
NA,ITS-89654,7,2383.6401,0.007576276493538671,am
NA,ITS-89654,8,3169.1740000000004,0.9941980794364884,am
NA,ITS-89818,2,16860.0992,0.36750188928318284,am
NA,ITS-89818,3,2052.8877,0.10127313310587349,am
NA,ITS-89818,4,5378.456999999999,0.3931819849233881,am
NA,ITS-89818,5,12712.7095,0.4519403624597606,am
NA,ITS-89818,7,314618.9427,1,am
NA,ITS-89928,1,5822.76,0.33207650436400615,am
NA,ITS-89928,2,35600.0261,0.7759786401660448,am
NA,ITS-89928,3,6623.9378,0.3267723482898879,am
NA,ITS-89928,4,6419.572099999999,0.4692907465164828,am
NA,ITS-89928,5,17390.8093,0.618248112922786,am
NA,ITS-89928,7,89769.232,0.28532685041026934,am
NA,ITS-89928,8,338.06399999999996,0.10605368450158212,am
NA,ITS-93329,1,15850.7283,0.9039792891150632,am
NA,ITS-93329,2,31198.594100000002,0.6800400246001614,am
NA,ITS-93329,3,13609.229200000002,0.6713710059444267,am
NA,ITS-93329,4,11767.1012,0.8602118054695578,am
NA,ITS-93329,5,12965.912,0.4609417818366226,am
NA,ITS-93329,6,8158.171,1,am
NA,ITS-93329,7,2363.668,0.007512796209012243,am
NA,ITS-93329,8,1825.1406000000002,0.572562844205323,am
NA,ITS-93332,1,17225.6878,0.9823942923784781,am
NA,ITS-93332,2,37241.4428,0.8117568245761915,am
NA,ITS-93332,3,18966.897100000002,0.935675679976896,am
NA,ITS-93332,4,11296.0492,0.8257764348117406,am
NA,ITS-93332,5,20422.8227,0.7260370335284879,am
NA,ITS-93332,6,7860.243100000001,0.9634810425032768,am
NA,ITS-93332,7,4233.1001,0.01345468923031887,am
NA,ITS-93332,8,3169.1740000000004,0.9941980794364884,am
NA,ITS-94279,2,10751.6598,0.23435539984426948,am
NA,ITS-94279,3,586.0902,0.02891302375509777,am
NA,ITS-94279,4,1563.947,0.11432940446953056,am
NA,ITS-94279,5,9583.6522,0.34070150418809475,am
NA,ITS-94279,7,313802.5904,0.9974052665329232,am
NA,ITS-94295,1,14303.5591,0.8157430335256768,am
NA,ITS-94295,2,26928.2668,0.5869591161196495,am
NA,ITS-94295,3,5720.278,0.282192969102304,am
NA,ITS-94295,4,10076.9345,0.7366553471846979,am
NA,ITS-94295,5,12825.492,0.4559498117379902,am
NA,ITS-94295,6,4631.0917,0.5676629847547937,am
NA,ITS-94295,7,1855.1782,0.0058965877390573275,am
NA,ITS-94295,8,973.99,0.3055493284339532,am
NA,ITS-95442,1,14074.5134,0.8026803801799083,am
NA,ITS-95442,2,26928.2668,0.5869591161196495,am
NA,ITS-95442,3,5720.278,0.282192969102304,am
NA,ITS-95442,4,10076.9345,0.7366553471846979,am
NA,ITS-95442,5,12825.492,0.4559498117379902,am
NA,ITS-95442,6,7860.243100000001,0.9634810425032768,am
NA,ITS-95442,7,1855.1782,0.0058965877390573275,am
NA,ITS-95442,8,973.99,0.3055493284339532,am
NA,ITS-95750,1,15744.587800000001,0.8979260143430569,am
NA,ITS-95750,2,31198.594100000002,0.6800400246001614,am
NA,ITS-95750,3,16771.5966,0.8273770332735763,am
NA,ITS-95750,4,11296.0492,0.8257764348117406,am
NA,ITS-95750,5,14863.2615,0.5283930848608005,am
NA,ITS-95750,6,7860.243100000001,0.9634810425032768,am
NA,ITS-95750,7,2383.6401,0.007576276493538671,am
NA,ITS-95750,8,1825.1406000000002,0.572562844205323,am
NA,ITS-95917,1,9946.8143,0.5672745093910635,am
NA,ITS-95917,2,34542.206,0.7529211907014696,am
NA,ITS-95917,3,19552.9873,0.9645887037319938,am
NA,ITS-95917,4,10703.0872,0.7824290628528048,am
NA,ITS-95917,5,14117.4865,0.5018805759567445,am
NA,ITS-95917,7,6966.9762,0.022144172694151004,am
NA,ITS-95917,8,3169.1740000000004,0.9941980794364884,am
NA,ITS-95923,1,15198.930900000001,0.8668067794898086,am
NA,ITS-95923,2,42913.6192,0.9353940297088567,am
NA,ITS-95923,3,18847.9633,0.9298084332891268,am
NA,ITS-95923,4,10982.9851,0.8028904724909013,am
NA,ITS-95923,5,19372.5429,0.6886992941979254,am
NA,ITS-95923,7,314618.9427,1,am
NA,ITS-95923,8,3113.0440000000003,0.9765895990568154,am
NA,ITS-95933,1,9528.961000000001,0.5434440126505204,am
NA,ITS-95933,2,32876.4754,0.7166130328860748,am
NA,ITS-95933,3,14779.211500000001,0.7290886167028797,am
NA,ITS-95933,4,367.8159,0.026888489700369906,am
NA,ITS-95933,5,3870.1720000000005,0.13758569221310504,am
NA,ITS-95933,7,5994.2593,0.0190524424516795,am
NA,ITS-95933,8,2289.804,0.71833188682161,am
NA,ITS-95940,1,12268.0822,0.6996582122955928,am
NA,ITS-95940,2,42422.0195,0.9246785637808124,am
NA,ITS-95940,3,19648.6703,0.9693089410810555,am
NA,ITS-95940,4,12267.0342,0.8967584673223353,am
NA,ITS-95940,5,17792.8867,0.6325420764474681,am
NA,ITS-95940,7,304663.21,0.9683562197032327,am
NA,ITS-95940,8,3169.1740000000004,0.9941980794364884,am
NA,ITS-95944,1,11435.825200000001,0.6521939521693855,am
NA,ITS-95944,2,42422.0195,0.9246785637808124,am
NA,ITS-95944,3,19166.0333,0.9454994744732038,am
NA,ITS-95944,4,8670.8461,0.633865898818791,am
NA,ITS-95944,5,14750.7895,0.5243946739440267,am
NA,ITS-95944,7,304663.21,0.9683562197032327,am
NA,ITS-95944,8,3169.1740000000004,0.9941980794364884,am
NA,ITS-95949,1,4175.4343,0.23812824614883163,am
NA,ITS-95949,2,35153.4306,0.7662441369434678,am
NA,ITS-95949,3,14591.2426,0.7198157278695234,am
NA,ITS-95949,4,1931.7629,0.14121789416990047,am
NA,ITS-95949,5,9583.6522,0.34070150418809475,am
NA,ITS-95949,7,314559.856,0.9998121959870154,am
NA,ITS-95949,8,2195.184,0.6886487510025352,am
NA,ITS-96028,1,17225.6878,0.9823942923784781,am
NA,ITS-96028,2,40057.8489,0.8731464137156599,am
NA,ITS-96028,3,19494.9442,0.9617253193431753,am
NA,ITS-96028,4,11296.0492,0.8257764348117406,am
NA,ITS-96028,5,23798.7847,0.8460534226334524,am
NA,ITS-96028,6,7860.243100000001,0.9634810425032768,am
NA,ITS-96028,7,6053.3460000000005,0.019240246464663997,am
NA,ITS-96028,8,3169.1740000000004,0.9941980794364884,am
NA,ITS-96033,2,5282.9973,0.115154215037356,am
NA,ITS-96033,4,860.5212,0.0629067841361669,am
NA,ITS-96033,7,1396.9718,0.0044402024493867195,am
NA,ITS-96038,1,5490.2861,0.31311526081210495,am
NA,ITS-96038,2,28414.0324,0.6193445522048631,am
NA,ITS-96038,3,15548.2871,0.7670286830821949,am
NA,ITS-96038,4,11199.3107,0.8187045486837096,am
NA,ITS-96038,5,14548.547900000001,0.5172049287517495,am
NA,ITS-96038,6,118.5924,0.014536640626924833,am
NA,ITS-96038,7,2383.6401,0.007576276493538671,am
NA,ITS-96038,8,113.544,0.03561976298288975,am
NA,ITS-96051,2,20622.5219,0.4495119316992995,am
NA,ITS-96051,3,1921.0815,0.09477086469792338,am
NA,ITS-96051,4,1563.947,0.11432940446953056,am
NA,ITS-96051,5,9583.6522,0.34070150418809475,am
NA,ITS-96051,7,314051.3662,0.9981959875170605,am
NA,ITS-96056,2,9909.3942,0.21599642131119928,am
NA,ITS-96056,3,528.0471,0.026049639366279263,am
NA,ITS-96056,4,1589.5379,0.11620017909094633,am
NA,ITS-96056,5,11688.825400000002,0.4155409976138333,am
NA,ITS-96056,7,27704.4551,0.0880571743781402,am
NA,ITS-96081,2,19106.9193,0.41647613444239456,am
NA,ITS-96081,4,39.9442,0.002920045626873432,am
NA,ITS-96081,5,5028.5497000000005,0.17876634198751418,am
NA,ITS-96081,7,180817.5775,0.5747192967729721,am
NA,ITS-96082,1,16611.366,0.9473590451935342,am
NA,ITS-96082,2,45693.0789,0.9959782931120321,am
NA,ITS-96082,3,19619.9841,0.9678937923854392,am
NA,ITS-96082,4,8806.28,0.6437665393980344,am
NA,ITS-96082,5,14704.489300000001,0.5227486889421701,am
NA,ITS-96082,7,102204.1328,0.3248505379965477,am
NA,ITS-96082,8,3187.6686000000004,1,am
NA,ITS-96083,2,13734.8875,0.29938122222566593,am
NA,ITS-96083,3,58.043099999999995,0.002863384388818505,am
NA,ITS-96083,4,39.9442,0.002920045626873432,am
NA,ITS-96083,5,7066.6297,0.2512206534717803,am
NA,ITS-96083,7,308717.5086,0.981242597634602,am
NA,ITS-96093,2,20068.1237,0.4374276382738375,am
NA,ITS-96093,3,3387.879,0.16713097404869912,am
NA,ITS-96093,4,5378.456999999999,0.3931819849233881,am
NA,ITS-96093,5,14526.6007,0.5164246996807574,am
NA,ITS-96093,7,91644.6188,0.29128767013684326,am
NA,ITS-96097,2,16860.0992,0.36750188928318284,am
NA,ITS-96097,3,586.0902,0.02891302375509777,am
NA,ITS-96097,4,1563.947,0.11432940446953056,am
NA,ITS-96097,5,9583.6522,0.34070150418809475,am
NA,ITS-96097,7,314051.3662,0.9981959875170605,am
NA,ITS-96099,2,13734.8875,0.29938122222566593,am
NA,ITS-96099,3,2013.7731,0.09934353018985281,am
NA,ITS-96099,4,3520.5135,0.2573605191748459,am
NA,ITS-96099,5,11580.6555,0.4116955275499389,am
NA,ITS-96099,7,314579.8281,0.999875676271542,am
NA,ITS-96102,1,13880.714600000001,0.7916278847904471,am
NA,ITS-96102,2,39586.4554,0.862871385093894,am
NA,ITS-96102,3,14026.8327,0.6919722374881583,am
NA,ITS-96102,4,10715.4259,0.7833310603136703,am
NA,ITS-96102,5,21930.3053,0.7796284597028831,am
NA,ITS-96102,6,6480.0645,0.7943035883900939,am
NA,ITS-96102,7,314618.9427,1,am
NA,ITS-96102,8,3113.0440000000003,0.9765895990568154,am
NA,ITS-96109,2,14606.4826,0.31837949988348446,am
NA,ITS-96109,3,1921.0815,0.09477086469792338,am
NA,ITS-96109,4,1563.947,0.11432940446953056,am
NA,ITS-96109,5,9583.6522,0.34070150418809475,am
NA,ITS-96109,7,314051.3662,0.9981959875170605,am
NA,ITS-96110,1,3275.1059999999998,0.1867818271578397,am
NA,ITS-96110,2,33675.796500000004,0.734035944276413,am
NA,ITS-96110,3,6088.113,0.3003390191351426,am
NA,ITS-96110,4,5378.456999999999,0.3931819849233881,am
NA,ITS-96110,5,12712.7095,0.4519403624597606,am
NA,ITS-96110,7,160461.4404,0.5100183702320985,am
NA,ITS-96110,8,338.06399999999996,0.10605368450158212,am
NA,ITS-96111,2,7915.404600000001,0.17253315715608578,am
NA,ITS-96111,3,528.0471,0.026049639366279263,am
NA,ITS-96111,4,1563.947,0.11432940446953056,am
NA,ITS-96111,5,3675.4002,0.1306615004907236,am
NA,ITS-96111,7,313355.1231,0.9959830149159038,am
NA,ITS-96117,3,1994.8446000000001,0.09840974871705499,am
NA,ITS-96117,4,5378.456999999999,0.3931819849233881,am
NA,ITS-96117,5,18485.6999,0.6571717786148075,am
NA,ITS-96117,7,187573.2604,0.5961918846661994,am
NA,ITS-96121,2,9107.105300000001,0.1985088203781676,am
NA,ITS-96121,5,2247.9465,0.07991512399462523,am
NA,ITS-96121,7,299281.5202,0.9512507976526233,am
NA,ITS-96124,2,5634.971100000001,0.12282623611764604,am
NA,ITS-96124,5,800.5072000000001,0.02845825385372395,am
NA,ITS-96124,7,174350.4832,0.5541639727848465,am
NA,ITS-96126,1,14630.1537,0.834368976053303,am
NA,ITS-96126,2,45443.3203,0.9905342707325717,am
NA,ITS-96126,3,19166.0333,0.9454994744732038,am
NA,ITS-96126,4,8670.8461,0.633865898818791,am
NA,ITS-96126,5,14526.6007,0.5164246996807574,am
NA,ITS-96126,7,102204.1328,0.3248505379965477,am
NA,ITS-96126,8,3169.1740000000004,0.9941980794364884,am
NA,ITS-96137,2,21167.7057,0.46139537758712584,am
NA,ITS-96137,3,5283.5344,0.26064751742662856,am
NA,ITS-96137,4,3520.5135,0.2573605191748459,am
NA,ITS-96137,5,9379.2288,0.33343419539831576,am
NA,ITS-96137,7,102145.0461,0.32466273398356316,am
NA,ITS-96139,1,17225.6878,0.9823942923784781,am
NA,ITS-96139,2,45877.585100000004,0.9999999999999999,am
NA,ITS-96139,3,19552.9873,0.9645887037319938,am
NA,ITS-96139,4,12859.9962,0.9401058392812711,am
NA,ITS-96139,5,27988.7549,0.9950080299013676,am
NA,ITS-96139,6,7698.8255,0.9436950389983245,am
NA,ITS-96139,7,314618.9427,1,am
NA,ITS-96139,8,3169.1740000000004,0.9941980794364884,am
NA,ITS-96140,7,73745.3983,0.23439592564621506,am
NA,ITS-96142,1,17225.6878,0.9823942923784781,am
NA,ITS-96142,2,45877.585100000004,0.9999999999999999,am
NA,ITS-96142,3,19552.9873,0.9645887037319938,am
NA,ITS-96142,4,12763.2577,0.9330339531532401,am
NA,ITS-96142,5,27474.1849,0.976714923124176,am
NA,ITS-96142,6,7213.7733,0.88423904083403,am
NA,ITS-96142,7,314618.9427,1,am
NA,ITS-96142,8,3169.1740000000004,0.9941980794364884,am
NA,ITS-96145,1,17225.6878,0.9823942923784781,am
NA,ITS-96145,2,45877.585100000004,0.9999999999999999,am
NA,ITS-96145,3,19552.9873,0.9645887037319938,am
NA,ITS-96145,4,12763.2577,0.9330339531532401,am
NA,ITS-96145,5,25823.3401,0.9180269308219204,am
NA,ITS-96145,6,4631.0917,0.5676629847547937,am
NA,ITS-96145,7,217255.90840000001,0.6905366426304502,am
NA,ITS-96145,8,3169.1740000000004,0.9941980794364884,am
NA,ITS-96148,2,13734.8875,0.29938122222566593,am
NA,ITS-96148,3,586.0902,0.02891302375509777,am
NA,ITS-96148,4,1563.947,0.11432940446953056,am
NA,ITS-96148,5,7565.9322,0.26897099637287974,am
NA,ITS-96148,7,314051.3662,0.9981959875170605,am
NA,ITS-96149,2,19373.5379,0.4222876565488622,am
NA,ITS-96149,3,3348.7644,0.1652013711326784,am
NA,ITS-96149,4,1583.5043,0.1157591041089889,am
NA,ITS-96149,5,9583.6522,0.34070150418809475,am
NA,ITS-96149,7,314559.856,0.9998121959870154,am
NA,ITS-96154,2,13734.8875,0.29938122222566593,am
NA,ITS-96154,3,2013.7731,0.09934353018985281,am
NA,ITS-96154,4,1583.5043,0.1157591041089889,am
NA,ITS-96154,5,9583.6522,0.34070150418809475,am
NA,ITS-96154,7,267560.5753,0.8504274186539627,am
NA,ITS-96163,1,17516.7743,0.9989951805118639,am
NA,ITS-96163,2,44656.6084,0.9733862037999903,am
NA,ITS-96163,3,20063.0681,0.9897520289120075,am
NA,ITS-96163,4,13639.3626,0.9970799543731266,am
NA,ITS-96163,5,24438.5072,0.8687957356331841,am
NA,ITS-96163,6,6730.3199,0.8249790179686108,am
NA,ITS-96163,7,17347.9172,0.05513945553031063,am
NA,ITS-96163,8,3187.6686000000004,1,am
NA,ITS-96165,1,7349.6853,0.4191582346858744,am
NA,ITS-96165,2,37438.898,0.816060782589012,am
NA,ITS-96165,3,8783.6098,0.43331336849329605,am
NA,ITS-96165,4,7945.041499999999,0.5808073183942332,am
NA,ITS-96165,5,21437.3313,0.7621030967388951,am
NA,ITS-96165,6,4810.0838,0.5896032088564949,am
NA,ITS-96165,7,160461.4404,0.5100183702320985,am
NA,ITS-96165,8,1587.0480000000002,0.4978710773133694,am
NA,ITS-96170,5,576.3184000000001,0.02048827959045468,am
NA,ITS-96170,7,1481.9616,0.004710338122943543,am
NA,ITS-96178,2,5282.9973,0.115154215037356,am
NA,ITS-96178,4,1389.8169,0.10159995095657917,am
NA,ITS-96178,5,6569.0883,0.23353291816604263,am
NA,ITS-96178,7,1416.9439,0.0045036827339131474,am
NA,ITS-96215,1,15744.587800000001,0.8979260143430569,am
NA,ITS-96215,2,31198.594100000002,0.6800400246001614,am
NA,ITS-96215,3,16771.5966,0.8273770332735763,am
NA,ITS-96215,4,11296.0492,0.8257764348117406,am
NA,ITS-96215,5,16901.3415,0.6008473963450666,am
NA,ITS-96215,6,7860.243100000001,0.9634810425032768,am
NA,ITS-96215,7,2383.6401,0.007576276493538671,am
NA,ITS-96215,8,1825.1406000000002,0.572562844205323,am
NA,ITS-96477,1,10805.4768,0.6162446955963095,am
NA,ITS-96477,2,27743.0285,0.6047185883809738,am
NA,ITS-96477,3,11695.5692,0.5769662589631934,am
NA,ITS-96477,4,11767.1012,0.8602118054695578,am
NA,ITS-96477,5,6951.2172,0.24711770696125182,am
NA,ITS-96477,6,592.962,0.07268320313462416,am
NA,ITS-96477,7,2363.668,0.007512796209012243,am
NA,ITS-96477,8,1825.1406000000002,0.572562844205323,am
NA,ITS-96545,1,7633.4573,0.4353419712294349,am
NA,ITS-96545,2,22768.5877,0.49629002159488117,am
NA,ITS-96545,3,12863.361200000001,0.634575817759797,am
NA,ITS-96545,4,6758.6404999999995,0.49407770428834885,am
NA,ITS-96545,5,19.7654,7.026654734903013e-4,am
NA,ITS-96545,7,2363.668,0.007512796209012243,am
NA,ITS-96545,8,1825.1406000000002,0.572562844205323,am
NA,ITS-96549,1,10602.0362,0.6046423208987921,am
NA,ITS-96549,2,27743.0285,0.6047185883809738,am
NA,ITS-96549,3,16620.4298,0.8199196670194022,am
NA,ITS-96549,4,11296.0492,0.8257764348117406,am
NA,ITS-96549,5,11481.1051,0.40815648311106345,am
NA,ITS-96549,6,118.5924,0.014536640626924833,am
NA,ITS-96549,7,2383.6401,0.007576276493538671,am
NA,ITS-96549,8,1806.6460000000002,0.5667609236418114,am
NA,ITS-96593,1,15744.587800000001,0.8979260143430569,am
NA,ITS-96593,2,31198.594100000002,0.6800400246001614,am
NA,ITS-96593,3,13250.315200000001,0.653665047018587,am
NA,ITS-96593,4,10354.828599999999,0.7569702727918932,am
NA,ITS-96593,5,2629.6238000000003,0.09348385828409066,am
NA,ITS-96593,7,2363.668,0.007512796209012243,am
NA,ITS-96593,8,1825.1406000000002,0.572562844205323,am
NA,ITS-96596,1,36.989200000000004,0.002109522672275879,am
NA,ITS-96596,2,18934.654300000002,0.41272125066582893,am
NA,ITS-96596,3,5315.2275,0.26221100262595914,am
NA,ITS-96596,4,8338.0731,0.6095391544255736,am
NA,ITS-96596,5,10534.2963,0.3744971666410308,am
NA,ITS-96596,7,2383.6401,0.007576276493538671,am
NA,ITS-96617,1,2027.2483000000002,0.11561553781056991,am
NA,ITS-96617,2,18517.2445,0.40362291213972373,am
NA,ITS-96617,3,4062.021,0.20038777250789383,am
NA,ITS-96617,4,10896.2451,0.7965495079034267,am
NA,ITS-96617,5,10760.1428,0.38252607260087107,am
NA,ITS-96617,6,4429.3197,0.5429304803736034,am
NA,ITS-96617,7,458.20640000000003,0.0014563852896706084,am
NA,ITS-96787,1,13880.714600000001,0.7916278847904471,am
NA,ITS-96787,2,35237.1444,0.7680688580968923,am
NA,ITS-96787,3,14026.8327,0.6919722374881583,am
NA,ITS-96787,4,9151.4789,0.6690016558441396,am
NA,ITS-96787,5,18214.5507,0.6475323490558552,am
NA,ITS-96787,6,3695.6109,0.45299502792966706,am
NA,ITS-96787,7,4610.1877,0.014653242619265849,am
NA,ITS-96787,8,3113.0440000000003,0.9765895990568154,am
NA,ITS-96967,1,17225.6878,0.9823942923784781,am
NA,ITS-96967,2,44656.6084,0.9733862037999903,am
NA,ITS-96967,3,19552.9873,0.9645887037319938,am
NA,ITS-96967,4,12859.9962,0.9401058392812711,am
NA,ITS-96967,5,23479.3493,0.8346974052196604,am
NA,ITS-96967,6,4429.3197,0.5429304803736034,am
NA,ITS-96967,7,44629.7036,0.1418531993560094,am
NA,ITS-96967,8,3169.1740000000004,0.9941980794364884,am
NA,ITS-96970,1,17225.6878,0.9823942923784781,am
NA,ITS-96970,2,42972.212400000004,0.9366711937067498,am
NA,ITS-96970,3,19552.9873,0.9645887037319938,am
NA,ITS-96970,4,11199.3107,0.8187045486837096,am
NA,ITS-96970,5,22147.9399,0.7873654303311968,am
NA,ITS-96970,6,4631.0917,0.5676629847547937,am
NA,ITS-96970,7,4994.0194,0.015873231780458845,am
NA,ITS-96970,8,3169.1740000000004,0.9941980794364884,am
NA,ITS-96977,1,17225.6878,0.9823942923784781,am
NA,ITS-96977,2,45323.1869,0.987915706574538,am
NA,ITS-96977,3,19552.9873,0.9645887037319938,am
NA,ITS-96977,4,11289.1692,0.8252734853494184,am
NA,ITS-96977,5,17136.4591,0.6092058924913578,am
NA,ITS-96977,7,95176.1848,0.3025125695967829,am
NA,ITS-96977,8,3169.1740000000004,0.9941980794364884,am
NA,ITS-96979,1,17516.7743,0.9989951805118639,am
NA,ITS-96979,2,42972.212400000004,0.9366711937067498,am
NA,ITS-96979,3,20063.0681,0.9897520289120075,am
NA,ITS-96979,4,12115.3598,0.8856705955304693,am
NA,ITS-96979,5,19093.8679,0.6787923203534847,am
NA,ITS-96979,6,3009.5861,0.36890451303361993,am
NA,ITS-96979,7,4994.0194,0.015873231780458845,am
NA,ITS-96979,8,3187.6686000000004,1,am
NA,ITS-96981,1,17225.6878,0.9823942923784781,am
NA,ITS-96981,2,41528.2741,0.9051974730029981,am
NA,ITS-96981,3,19552.9873,0.9645887037319938,am
NA,ITS-96981,4,11296.0492,0.8257764348117406,am
NA,ITS-96981,5,24313.3547,0.864346529410644,am
NA,ITS-96981,6,6568.9023,0.8051930144636585,am
NA,ITS-96981,7,6459.6477,0.02053165535604605,am
NA,ITS-96981,8,3169.1740000000004,0.9941980794364884,am
NA,ITS-96982,1,17225.6878,0.9823942923784781,am
NA,ITS-96982,2,37241.4428,0.8117568245761915,am
NA,ITS-96982,3,18966.897100000002,0.935675679976896,am
NA,ITS-96982,4,11296.0492,0.8257764348117406,am
NA,ITS-96982,5,20422.8227,0.7260370335284879,am
NA,ITS-96982,6,6568.9023,0.8051930144636585,am
NA,ITS-96982,7,4233.1001,0.01345468923031887,am
NA,ITS-96982,8,3169.1740000000004,0.9941980794364884,am
NA,ITS-96984,1,17079.4662,0.9740551614868542,am
NA,ITS-96984,2,40057.8489,0.8731464137156599,am
NA,ITS-96984,3,18966.897100000002,0.935675679976896,am
NA,ITS-96984,4,11199.3107,0.8187045486837096,am
NA,ITS-96984,5,652.2582,0.023187960625179943,am
NA,ITS-96984,6,592.962,0.07268320313462416,am
NA,ITS-96984,7,4564.5254,0.014508107365780681,am
NA,ITS-96984,8,3169.1740000000004,0.9941980794364884,am
NA,ITS-96995,1,17079.4662,0.9740551614868542,am
NA,ITS-96995,2,42972.212400000004,0.9366711937067498,am
NA,ITS-96995,3,19552.9873,0.9645887037319938,am
NA,ITS-96995,4,11199.3107,0.8187045486837096,am
NA,ITS-96995,5,18953.4479,0.6738003502548523,am
NA,ITS-96995,6,3009.5861,0.36890451303361993,am
NA,ITS-96995,7,6966.9762,0.022144172694151004,am
NA,ITS-96995,8,3169.1740000000004,0.9941980794364884,am
NA,ITS-97020,1,15525.707600000002,0.8854431073212159,am
NA,ITS-97020,2,36754.1935,0.8011361849122263,am
NA,ITS-97020,3,17299.191300000002,0.8534043548260671,am
NA,ITS-97020,4,9351.1999,0.6836018839785069,am
NA,ITS-97020,5,22956.8944,0.8161239880519923,am
NA,ITS-97020,6,7213.7733,0.88423904083403,am
NA,ITS-97020,7,8265.1627,0.026270391188368835,am
NA,ITS-97020,8,3113.0440000000003,0.9765895990568154,am
NA,ITS-97026,7,123.49680000000001,3.925281769119619e-4,am
NA,ITS-97037,2,10829.5148,0.23605241593241574,am
NA,ITS-97037,3,2013.7731,0.09934353018985281,am
NA,ITS-97037,4,1956.5665,0.14303111470531532,am
NA,ITS-97037,5,7905.255300000001,0.2810340270592153,am
NA,ITS-97037,7,6927.8616,0.022019848965692933,am
NA,ITS-97045,7,1972.9568,0.006270940913692162,am
NA,ITS-97074,2,5626.1744,0.12263449324406571,am
NA,ITS-97074,7,8068.4927,0.02564528578844531,am
NA,ITS-97081,1,10264.4301,0.5853883840131975,am
NA,ITS-97081,2,40000.1693,0.8718891635819775,am
NA,ITS-97081,3,19552.9873,0.9645887037319938,am
NA,ITS-97081,4,12763.2577,0.9330339531532401,am
NA,ITS-97081,5,22196.6093,0.7890956410527349,am
NA,ITS-97081,6,3695.6109,0.45299502792966706,am
NA,ITS-97081,7,314618.9427,1,am
NA,ITS-97081,8,3169.1740000000004,0.9941980794364884,am
NA,ITS-97195,1,17079.4662,0.9740551614868542,am
NA,ITS-97195,2,42972.212400000004,0.9366711937067498,am
NA,ITS-97195,3,19552.9873,0.9645887037319938,am
NA,ITS-97195,4,11199.3107,0.8187045486837096,am
NA,ITS-97195,5,24313.3547,0.864346529410644,am
NA,ITS-97195,6,7213.7733,0.88423904083403,am
NA,ITS-97195,7,6966.9762,0.022144172694151004,am
NA,ITS-97195,8,3169.1740000000004,0.9941980794364884,am
NA,ITS-97298,2,5282.9973,0.115154215037356,am
NA,ITS-97298,4,1389.8169,0.10159995095657917,am
NA,ITS-97298,5,4132.4921,0.14691124480867726,am
NA,ITS-97298,7,1416.9439,0.0045036827339131474,am
NA,ITS-97837,1,17516.7743,0.9989951805118639,am
NA,ITS-97837,2,38559.7863,0.8404929382388089,am
NA,ITS-97837,3,19476.9779,0.9608390051569098,am
NA,ITS-97837,4,12115.3598,0.8856705955304693,am
NA,ITS-97837,5,17055.7879,0.6063380088692185,am
NA,ITS-97837,6,3009.5861,0.36890451303361993,am
NA,ITS-97837,7,2424.8057,0.007707119219175992,am
NA,ITS-97837,8,3187.6686000000004,1,am
NA,ITS-97921,1,17516.7743,0.9989951805118639,am
NA,ITS-97921,2,37241.4428,0.8117568245761915,am
NA,ITS-97921,3,19476.9779,0.9608390051569098,am
NA,ITS-97921,4,12115.3598,0.8856705955304693,am
NA,ITS-97921,5,15819.8099,0.5623986468227334,am
NA,ITS-97921,6,4429.3197,0.5429304803736034,am
NA,ITS-97921,7,2383.6401,0.007576276493538671,am
NA,ITS-97921,8,3187.6686000000004,1,am
NA,ITS-97933,1,15850.7283,0.9039792891150632,am
NA,ITS-97933,2,31198.594100000002,0.6800400246001614,am
NA,ITS-97933,3,9781.9092,0.4825615119819602,am
NA,ITS-97933,4,11767.1012,0.8602118054695578,am
NA,ITS-97933,5,7606.0052000000005,0.27039560268083085,am
NA,ITS-97933,6,3009.5861,0.36890451303361993,am
NA,ITS-97933,7,2363.668,0.007512796209012243,am
NA,ITS-97933,8,1825.1406000000002,0.572562844205323,am
NA,ITS-97935,1,14833.5943,0.8459713507508203,am
NA,ITS-97935,2,39808.0903,0.8677023913361995,am
NA,ITS-97935,3,19259.157,0.9500934563385594,am
NA,ITS-97935,4,7242.333,0.5294371349285039,am
NA,ITS-97935,5,6999.229300000001,0.2488245504847709,am
NA,ITS-97935,7,6053.3460000000005,0.019240246464663997,am
NA,ITS-97935,8,3187.6686000000004,1,am
NA,ITS-97947,2,21352.2119,0.46541708447509367,am
NA,ITS-97947,3,3855.8514999999998,0.19021701099187355,am
NA,ITS-97947,4,1563.947,0.11432940446953056,am
NA,ITS-97947,5,9583.6522,0.34070150418809475,am
NA,ITS-97947,7,155323.4531,0.4936875439445687,am
NA,ITS-97950,1,17225.6878,0.9823942923784781,am
NA,ITS-97950,2,42972.212400000004,0.9366711937067498,am
NA,ITS-97950,3,19552.9873,0.9645887037319938,am
NA,ITS-97950,4,11296.0492,0.8257764348117406,am
NA,ITS-97950,5,24313.3547,0.864346529410644,am
NA,ITS-97950,6,7860.243100000001,0.9634810425032768,am
NA,ITS-97950,7,4994.0194,0.015873231780458845,am
NA,ITS-97950,8,3169.1740000000004,0.9941980794364884,am
NA,ITS-97953,1,15551.7991,0.8869311257375019,am
NA,ITS-97953,2,27777.0633,0.6054604495736633,am
NA,ITS-97953,3,7658.041700000001,0.37778680071707277,am
NA,ITS-97953,4,10915.8024,0.7979792075428851,am
NA,ITS-97953,5,8100.1944,0.28796416634317984,am
NA,ITS-97953,6,3009.5861,0.36890451303361993,am
NA,ITS-97953,7,2363.668,0.007512796209012243,am
NA,ITS-97953,8,992.4846,0.31135124899746475,am
NA,ITS-97954,1,15850.7283,0.9039792891150632,am
NA,ITS-97954,2,31198.594100000002,0.6800400246001614,am
NA,ITS-97954,3,17130.5106,0.845082992199416,am
NA,ITS-97954,4,12115.3598,0.8856705955304693,am
NA,ITS-97954,5,16466.6599,0.5853943444320509,am
NA,ITS-97954,6,4916.4229000000005,0.6026378829274356,am
NA,ITS-97954,7,2383.6401,0.007576276493538671,am
NA,ITS-97954,8,1825.1406000000002,0.572562844205323,am
NA,ITS-97966,1,15588.7883,0.8890406484097778,am
NA,ITS-97966,2,29589.5341,0.6449671236073844,am
NA,ITS-97966,3,8717.7857,0.43006613152028755,am
NA,ITS-97966,4,10915.8024,0.7979792075428851,am
NA,ITS-97966,5,12451.342,0.4426486750594309,am
NA,ITS-97966,6,8158.171,1,am
NA,ITS-97966,7,2363.668,0.007512796209012243,am
NA,ITS-97966,8,1825.1406000000002,0.572562844205323,am
NA,ITS-98012,2,10751.6598,0.23435539984426948,am
NA,ITS-98012,3,586.0902,0.02891302375509777,am
NA,ITS-98012,4,1563.947,0.11432940446953056,am
NA,ITS-98012,5,9583.6522,0.34070150418809475,am
NA,ITS-98012,7,313802.5904,0.9974052665329232,am
NA,ITS-98155,1,15551.7991,0.8869311257375019,am
NA,ITS-98155,2,27777.0633,0.6054604495736633,am
NA,ITS-98155,3,7658.041700000001,0.37778680071707277,am
NA,ITS-98155,4,10915.8024,0.7979792075428851,am
NA,ITS-98155,5,6013.0288,0.2137648481114887,am
NA,ITS-98155,6,118.5924,0.014536640626924833,am
NA,ITS-98155,7,2363.668,0.007512796209012243,am
NA,ITS-98155,8,992.4846,0.31135124899746475,am
NA,ITS-98208,1,15482.6478,0.8829873736377715,am
NA,ITS-98208,2,29589.5341,0.6449671236073844,am
NA,ITS-98208,3,8358.8717,0.4123601725944479,am
NA,ITS-98208,4,10096.4918,0.7380850468241563,am
NA,ITS-98208,5,12886.0236,0.45810172697244667,am
NA,ITS-98208,6,7860.243100000001,0.9634810425032768,am
NA,ITS-98208,7,2363.668,0.007512796209012243,am
NA,ITS-98208,8,1825.1406000000002,0.572562844205323,am
22563,ITS-Mam-180426,1,17516.7743,0.9989951805118639,am
22563,ITS-Mam-180426,2,45877.585100000004,0.9999999999999999,am
22563,ITS-Mam-180426,3,20063.0681,0.9897520289120075,am
22563,ITS-Mam-180426,4,13679.3068,1,am
22563,ITS-Mam-180426,5,28129.1749,1,am
22563,ITS-Mam-180426,6,8158.171,1,am
22563,ITS-Mam-180426,7,314618.9427,1,am
22563,ITS-Mam-180426,8,3187.6686000000004,1,am
6335,ITS-Mam-180483,1,13362.2983,0.7620622024148517,am
6335,ITS-Mam-180483,2,24088.0475,0.5250504674013454,am
6335,ITS-Mam-180483,3,55.4838,0.0027371289051123762,am
6335,ITS-Mam-180483,7,41999.1665,0.1334921735467392,am
6335,ITS-Mam-180483,8,18.494600000000002,0.005801920563511527,am
13244,ITS-Mam-180517,1,4154.476,0.2369329780970122,am
13244,ITS-Mam-180517,2,21789.5376,0.4749495325986545,am
13244,ITS-Mam-180517,3,20007.584300000002,0.9870149000068952,am
13244,ITS-Mam-180517,4,13621.2637,0.9957568683231813,am
13244,ITS-Mam-180517,5,28129.1749,1,am
13244,ITS-Mam-180517,6,8158.171,1,am
13244,ITS-Mam-180517,7,247090.2872,0.78536366907700494,am
13244,ITS-Mam-180517,8,3169.1740000000004,0.9941980794364884,am
2476,ITS-Mam-180525,1,12555.4234,0.7160455030744947,am
2476,ITS-Mam-180525,2,44159.4813,0.9625502563778143,am
2476,ITS-Mam-180525,3,18594.4973,0.9173044390590414,am
2476,ITS-Mam-180525,4,12545.8383,0.917139916768297,am
2476,ITS-Mam-180525,5,27810.8663,0.9886840406399549,am
2476,ITS-Mam-180525,6,6739.4037,0.8260924783263307,am
2476,ITS-Mam-180525,7,314618.9427,1,am
2476,ITS-Mam-180525,8,3113.0440000000003,0.9765895990568154,am
15106,ITS-Mam-180639,1,17516.7743,0.9989951805118639,am
15106,ITS-Mam-180639,2,28417.7072,0.6194246523232976,am
15106,ITS-Mam-180639,3,16714.3037,0.8245506577793291,am
15106,ITS-Mam-180639,4,10158.7933,0.7426394808251541,am
15106,ITS-Mam-180639,5,13725.2662,0.4879370350816795,am
15106,ITS-Mam-180639,6,4429.3197,0.5429304803736034,am
15106,ITS-Mam-180639,7,39.1146,1.2432372845807036e-4,am
15106,ITS-Mam-180639,8,3187.6686000000004,1,am
8010,ITS-Mam-180655,1,17516.7743,0.9989951805118639,am
8010,ITS-Mam-180655,2,33461.0411,0.7293548914369513,am
8010,ITS-Mam-180655,3,18049.295000000002,0.8904084987221548,am
8010,ITS-Mam-180655,4,12095.8025,0.8842408958910111,am
8010,ITS-Mam-180655,5,16568.2848,0.5890071379235514,am
8010,ITS-Mam-180655,6,4631.0917,0.5676629847547937,am
8010,ITS-Mam-180655,7,39.1146,1.2432372845807036e-4,am
8010,ITS-Mam-180655,8,3187.6686000000004,1,am
10303,ITS-Mam-180681,1,164.9316,0.009406176656287141,am
10303,ITS-Mam-180681,2,383.8317,0.00836643208580741,am
10303,ITS-Mam-180681,3,958.49,0.04728426467295249,am
10303,ITS-Mam-180681,4,410.7033,0.030023692428625112,am
10303,ITS-Mam-180681,8,56.129999999999995,0.01760848037967309,am
41711,ITS-Mam-612591,1,17498.7148,0.9979652332651009,am
41711,ITS-Mam-612591,2,45877.585100000004,0.9999999999999999,am
41711,ITS-Mam-612591,3,20063.0681,0.9897520289120075,am
41711,ITS-Mam-612591,4,13621.2637,0.9957568683231813,am
41711,ITS-Mam-612591,5,28129.1749,1,am
41711,ITS-Mam-612591,6,8158.171,1,am
41711,ITS-Mam-612591,7,314618.9427,1,am
41711,ITS-Mam-612591,8,3187.6686000000004,1,am
NA,ITS-Mam-612597,1,4154.476,0.2369329780970122,am
NA,ITS-Mam-612597,2,21789.5376,0.4749495325986545,am
NA,ITS-Mam-612597,3,20007.584300000002,0.9870149000068952,am
NA,ITS-Mam-612597,4,13621.2637,0.9957568683231813,am
NA,ITS-Mam-612597,5,28129.1749,1,am
NA,ITS-Mam-612597,6,8158.171,1,am
NA,ITS-Mam-612597,7,247090.2872,0.78536366907700494,am
NA,ITS-Mam-612597,8,3169.1740000000004,0.9941980794364884,am
41672,ITS-Mam-622018,1,17516.7743,0.9989951805118639,am
41672,ITS-Mam-622018,2,45877.585100000004,0.9999999999999999,am
41672,ITS-Mam-622018,3,20063.0681,0.9897520289120075,am
41672,ITS-Mam-622018,4,13679.3068,1,am
41672,ITS-Mam-622018,5,28129.1749,1,am
41672,ITS-Mam-622018,6,8158.171,1,am
41672,ITS-Mam-622018,7,314618.9427,1,am
41672,ITS-Mam-622018,8,3187.6686000000004,1,am
41670,ITS-Mam-622021,1,7612.6683,0.43415635848750095,am
41670,ITS-Mam-622021,2,38610.8944,0.841606948487792,am
41670,ITS-Mam-622021,3,14742.4094,0.72727309412369745,am
41670,ITS-Mam-622021,4,1931.7629,0.14121789416990047,am
41670,ITS-Mam-622021,5,9583.6522,0.34070150418809475,am
41670,ITS-Mam-622021,7,314559.856,0.9998121959870154,am
41670,ITS-Mam-622021,8,2213.6786,0.6944506715660468,am
NA,SLB-100444,3,1427.6829,0.07043050643475504,am
NA,SLB-100444,4,19.5573,0.0014296996394583387,am
NA,SLB-100444,5,11799.0838,0.419460714434251,am
NA,SLB-100444,6,4323.4609,0.5299546797928114,am
NA,SLB-100444,7,508.4898,0.0016162084699549147,am
NA,SLB-101854,2,6670.1889,0.14539102015637698,am
NA,SLB-101854,5,2023.7577000000001,0.07194514973135596,am
NA,SLB-101854,7,67105.21770000001,0.21329045582607253,am
NA,SLB-111574,1,10602.0362,0.6046423208987921,am
NA,SLB-111574,2,23746.9955,0.5176165102901198,am
NA,SLB-111574,3,16620.4298,0.8199196670194022,am
NA,SLB-111574,4,11296.0492,0.8257764348117406,am
NA,SLB-111574,5,16326.2399,0.5804023743334185,am
NA,SLB-111574,6,7698.8255,0.9436950389983245,am
NA,SLB-111574,7,2383.6401,0.007576276493538671,am
NA,SLB-111574,8,1806.6460000000002,0.5667609236418114,am
NA,SLB-113180,1,8222.268900000001,0.46892235198649473,am
NA,SLB-113180,2,21159.5277,0.4612171206021042,am
NA,SLB-113180,3,7658.041700000001,0.37778680071707277,am
NA,SLB-113180,4,10915.8024,0.7979792075428851,am
NA,SLB-113180,5,12451.342,0.4426486750594309,am
NA,SLB-113180,6,5116.1439,0.6271189829190881,am
NA,SLB-113180,7,2363.668,0.007512796209012243,am
NA,SLB-113180,8,992.4846,0.31135124899746475,am
NA,SLB-118397,2,5634.971100000001,0.12282623611764604,am
NA,SLB-118397,5,2247.9465,0.07991512399462523,am
NA,SLB-118397,7,171292.856,0.5444454632324336,am
NA,SLB-119122,7,1849.46,0.0058784127367802,am
NA,SLB-119333,2,3231.1908000000003,0.07043070800167292,am
NA,SLB-119333,5,576.3184000000001,0.02048827959045468,am
NA,SLB-119333,7,41277.4708,0.13119830117590692,am
NA,SLB-119334,7,80799.9387,0.25681841661086985,am
NA,SLB-119335,2,184.50619999999998,0.004021706887967823,am
NA,SLB-119335,7,214337.6483,0.6812611041808069,am
NA,SLB-119368,7,3846.67,0.012226441189423017,am
NA,SLB-119475,2,5560.1311000000005,0.12119493839705177,am
NA,SLB-119475,5,2247.9465,0.07991512399462523,am
NA,SLB-119475,7,117548.1925,0.3736208363400619,am
NA,SLB-119529,7,76724.3987,0.2438645239907228,am
NA,SLB-119530,7,76724.3987,0.2438645239907228,am
NA,SLB-119543,7,80799.9387,0.25681841661086985,am
NA,SLB-119544,7,80799.9387,0.25681841661086985,am
NA,SLB-119568,7,7439.5572,0.023646246904764006,am
NA,SLB-119577,7,7439.5572,0.023646246904764006,am
NA,SLB-119637,2,8590.4171,0.18724649698268445,am
NA,SLB-119637,5,2227.1632,0.07917627189271022,am
NA,SLB-119637,7,170356.4033,0.5414689968697807,am
NA,SLB-120057,2,13734.8875,0.29938122222566593,am
NA,SLB-120057,3,586.0902,0.02891302375509777,am
NA,SLB-120057,4,1563.947,0.11432940446953056,am
NA,SLB-120057,5,9583.6522,0.34070150418809475,am
NA,SLB-120057,7,267052.0855,0.8488112101840077,am
NA,SLB-130155,2,109.66619999999999,0.0023904091673735456,am
NA,SLB-130155,7,81022.3652,0.25752538771086525,am
NA,SLB-130283,7,76614.5242,0.24351529358820134,am
NA,SLB-131273,1,75.69600000000001,0.004317001400424852,am
NA,SLB-131273,2,21104.7052,0.4600221470680679,am
NA,SLB-131273,3,3387.879,0.16713097404869912,am
NA,SLB-131273,4,5338.5127999999995,0.3902619392965146,am
NA,SLB-131273,5,16258.5367,0.5779955067220973,am
NA,SLB-131273,7,36177.493800000004,0.11498828865653041,am
NA,SLB-131273,8,113.544,0.03561976298288975,am
NA,SLB-132722,1,15588.7883,0.8890406484097778,am
NA,SLB-132722,2,29589.5341,0.6449671236073844,am
NA,SLB-132722,3,8717.7857,0.43006613152028755,am
NA,SLB-132722,4,10915.8024,0.7979792075428851,am
NA,SLB-132722,5,12965.912,0.4609417818366226,am
NA,SLB-132722,6,8158.171,1,am
NA,SLB-132722,7,2363.668,0.007512796209012243,am
NA,SLB-132722,8,1825.1406000000002,0.572562844205323,am
NA,SLB-132739,1,15850.7283,0.9039792891150632,am
NA,SLB-132739,2,31198.594100000002,0.6800400246001614,am
NA,SLB-132739,3,13609.229200000002,0.6713710059444267,am
NA,SLB-132739,4,11767.1012,0.8602118054695578,am
NA,SLB-132739,5,12965.912,0.4609417818366226,am
NA,SLB-132739,6,8158.171,1,am
NA,SLB-132739,7,2363.668,0.007512796209012243,am
NA,SLB-132739,8,1825.1406000000002,0.572562844205323,am
NA,SLB-133119,1,15850.7283,0.9039792891150632,am
NA,SLB-133119,2,31198.594100000002,0.6800400246001614,am
NA,SLB-133119,3,11695.5692,0.5769662589631934,am
NA,SLB-133119,4,11767.1012,0.8602118054695578,am
NA,SLB-133119,5,12965.912,0.4609417818366226,am
NA,SLB-133119,6,8158.171,1,am
NA,SLB-133119,7,2363.668,0.007512796209012243,am
NA,SLB-133119,8,1825.1406000000002,0.572562844205323,am
NA,SLB-133812,1,12480.7338,0.7117858974441157,am
NA,SLB-133812,2,30235.2395,0.6590416525650997,am
NA,SLB-133812,3,10401.424500000001,0.5131234640254281,am
NA,SLB-133812,4,1112.2509,0.08130901048289962,am
NA,SLB-133812,7,2324.5534000000002,0.007388472480554172,am
NA,SLB-133812,8,1226.4206000000001,0.38473905348881,am
NA,SLB-134854,1,8185.2797,0.46681282931421886,am
NA,SLB-134854,2,19347.0569,0.4217104465683831,am
NA,SLB-134854,3,6230.3588,0.3073562942823177,am
NA,SLB-134854,4,10896.2451,0.7965495079034267,am
NA,SLB-134854,5,12410.9876,0.4412140649031266,am
NA,SLB-134854,6,4429.3197,0.5429304803736034,am
NA,SLB-134854,7,1855.1782,0.0058965877390573275,am
NA,SLB-134854,8,992.4846,0.31135124899746475,am
NA,SLB-138599,1,15588.7883,0.8890406484097778,am
NA,SLB-138599,2,29589.5341,0.6449671236073844,am
NA,SLB-138599,3,8717.7857,0.43006613152028755,am
NA,SLB-138599,4,10915.8024,0.7979792075428851,am
NA,SLB-138599,5,12965.912,0.4609417818366226,am
NA,SLB-138599,6,5135.9093,0.6295417563569089,am
NA,SLB-138599,7,2363.668,0.007512796209012243,am
NA,SLB-138599,8,1825.1406000000002,0.572562844205323,am
NA,SLB-140653,1,15536.5985,0.8860642237679487,am
NA,SLB-140653,2,29589.5341,0.6449671236073844,am
NA,SLB-140653,3,8717.7857,0.43006613152028755,am
NA,SLB-140653,4,10915.8024,0.7979792075428851,am
NA,SLB-140653,5,7545.6756000000005,0.2682508686026194,am
NA,SLB-140653,6,592.962,0.07268320313462416,am
NA,SLB-140653,7,2363.668,0.007512796209012243,am
NA,SLB-140653,8,1825.1406000000002,0.572562844205323,am
NA,SLB-141400,1,8240.3284,0.4699522992332577,am
NA,SLB-141400,2,21159.5277,0.4612171206021042,am
NA,SLB-141400,3,8717.7857,0.43006613152028755,am
NA,SLB-141400,4,10915.8024,0.7979792075428851,am
NA,SLB-141400,5,12451.342,0.4426486750594309,am
NA,SLB-141400,6,8158.171,1,am
NA,SLB-141400,7,2363.668,0.007512796209012243,am
NA,SLB-141400,8,1825.1406000000002,0.572562844205323,am
NA,SLB-143238,1,17441.0783,0.994678179111439,am
NA,SLB-143238,2,32627.4401,0.7111847763756859,am
NA,SLB-143238,3,17895.9746,0.8828448909919093,am
NA,SLB-143238,4,12115.3598,0.8856705955304693,am
NA,SLB-143238,5,17413.4687,0.6190536609020836,am
NA,SLB-143238,6,8158.171,1,am
NA,SLB-143238,7,2383.6401,0.007576276493538671,am
NA,SLB-143238,8,1825.1406000000002,0.572562844205323,am
NA,SLB-145429,1,15588.7883,0.8890406484097778,am
NA,SLB-145429,2,29589.5341,0.6449671236073844,am
NA,SLB-145429,3,8717.7857,0.43006613152028755,am
NA,SLB-145429,4,10915.8024,0.7979792075428851,am
NA,SLB-145429,5,12451.342,0.4426486750594309,am
NA,SLB-145429,6,8158.171,1,am
NA,SLB-145429,7,2363.668,0.007512796209012243,am
NA,SLB-145429,8,1825.1406000000002,0.572562844205323,am
NA,SLB-147286,1,15850.7283,0.9039792891150632,am
NA,SLB-147286,2,31198.594100000002,0.6800400246001614,am
NA,SLB-147286,3,9781.9092,0.4825615119819602,am
NA,SLB-147286,4,11767.1012,0.8602118054695578,am
NA,SLB-147286,5,12965.912,0.4609417818366226,am
NA,SLB-147286,6,8158.171,1,am
NA,SLB-147286,7,2363.668,0.007512796209012243,am
NA,SLB-147286,8,1825.1406000000002,0.572562844205323,am
NA,SLB-153747,1,15850.7283,0.9039792891150632,am
NA,SLB-153747,2,31198.594100000002,0.6800400246001614,am
NA,SLB-153747,3,13609.229200000002,0.6713710059444267,am
NA,SLB-153747,4,11767.1012,0.8602118054695578,am
NA,SLB-153747,5,11274.712800000001,0.4008191793780627,am
NA,SLB-153747,6,4429.3197,0.5429304803736034,am
NA,SLB-153747,7,2363.668,0.007512796209012243,am
NA,SLB-153747,8,1825.1406000000002,0.572562844205323,am
NA,SLB-154005,1,15850.7283,0.9039792891150632,am
NA,SLB-154005,2,31198.594100000002,0.6800400246001614,am
NA,SLB-154005,3,13609.229200000002,0.6713710059444267,am
NA,SLB-154005,4,11767.1012,0.8602118054695578,am
NA,SLB-154005,5,12965.912,0.4609417818366226,am
NA,SLB-154005,6,8158.171,1,am
NA,SLB-154005,7,2363.668,0.007512796209012243,am
NA,SLB-154005,8,1825.1406000000002,0.572562844205323,am
NA,SLB-154625,1,8203.3392,0.46784277656098183,am
NA,SLB-154625,2,19347.0569,0.4217104465683831,am
NA,SLB-154625,3,7658.041700000001,0.37778680071707277,am
NA,SLB-154625,4,10915.8024,0.7979792075428851,am
NA,SLB-154625,5,12451.342,0.4426486750594309,am
NA,SLB-154625,6,8158.171,1,am
NA,SLB-154625,7,2363.668,0.007512796209012243,am
NA,SLB-154625,8,992.4846,0.31135124899746475,am
NA,SLB-154626,5,6490.7384,0.2307475574052476,am
NA,SLB-156238,2,8060.2579000000005,0.1756905443569217,am
NA,SLB-156238,4,39.9442,0.002920045626873432,am
NA,SLB-156238,5,4804.360900000001,0.1707963677242449,am
NA,SLB-156238,7,59756.6057,0.18993327352504638,am
NA,SLB-158004,7,1849.46,0.0058784127367802,am
NA,SLB-166541,2,5626.1744,0.12263449324406571,am
NA,SLB-166541,7,2708.1859,0.008607828494873395,am
185064,SLB-173556,2,4120.7309000000005,0.08982013527996267,am
185064,SLB-173556,5,576.3184000000001,0.02048827959045468,am
185064,SLB-173556,7,38256.9243,0.12159765070623638,am
185067,SLB-184805,2,10913.6532,0.23788639215013954,am
185067,SLB-184805,5,948.9345000000001,0.033734885696913915,am
185067,SLB-184805,7,29579.816600000002,0.09401791368997567,am
NA,SLB-188852,1,16366.2021,0.9333771584408178,am
NA,SLB-188852,2,40008.2465,0.8720652234156064,am
NA,SLB-188852,3,19552.9873,0.9645887037319938,am
NA,SLB-188852,4,11199.3107,0.8187045486837096,am
NA,SLB-188852,5,20426.5677,0.726170169321248,am
NA,SLB-188852,6,4429.3197,0.5429304803736034,am
NA,SLB-188852,7,4994.0194,0.015873231780458845,am
NA,SLB-188852,8,3169.1740000000004,0.9941980794364884,am
NA,SLB-189632,7,1849.46,0.0058784127367802,am
NA,SLB-190089,7,1849.46,0.0058784127367802,am
NA,SLB-190206,5,576.3184000000001,0.02048827959045468,am
NA,SLB-190206,7,47042.5752,0.14952238665698114,am
NA,SLB-190276,7,1849.46,0.0058784127367802,am
NA,SLB-190381,1,75.69600000000001,0.004317001400424852,am
NA,SLB-190381,2,20427.826,0.44526811852614273,am
NA,SLB-190381,3,58.043099999999995,0.002863384388818505,am
NA,SLB-190381,5,3890.532,0.13830949588215613,am
NA,SLB-190381,7,4971.7168,0.015802344122492023,am
NA,SLB-190381,8,113.544,0.03561976298288975,am
NA,SLB-190383,7,1849.46,0.0058784127367802,am
NA,SLB-190422,2,8750.8422,0.1907433048388591,am
NA,SLB-190422,7,2878.5019,0.00914916907194857,am
NA,SLB-190484,7,157006.568,0.49903723740407824,am
NA,SLB-27845,1,15850.7283,0.9039792891150632,am
NA,SLB-27845,2,31198.594100000002,0.6800400246001614,am
NA,SLB-27845,3,17130.5106,0.845082992199416,am
NA,SLB-27845,4,12115.3598,0.8856705955304693,am
NA,SLB-27845,5,15290.030700000001,0.5435648487506827,am
NA,SLB-27845,6,4429.3197,0.5429304803736034,am
NA,SLB-27845,7,2383.6401,0.007576276493538671,am
NA,SLB-27845,8,1825.1406000000002,0.572562844205323,am
NA,SLB-56007,1,15559.641800000001,0.8873784009816774,am
NA,SLB-56007,2,31198.594100000002,0.6800400246001614,am
NA,SLB-56007,3,11185.4884,0.5518029337831797,am
NA,SLB-56007,4,10354.828599999999,0.7569702727918932,am
NA,SLB-56007,5,2629.6238000000003,0.09348385828409066,am
NA,SLB-56007,7,2363.668,0.007512796209012243,am
NA,SLB-56007,8,1806.6460000000002,0.5667609236418114,am
NA,SLB-56010,1,15850.7283,0.9039792891150632,am
NA,SLB-56010,2,31198.594100000002,0.6800400246001614,am
NA,SLB-56010,3,9781.9092,0.4825615119819602,am
NA,SLB-56010,4,10900.337,0.7968486385582053,am
NA,SLB-56010,5,2629.6238000000003,0.09348385828409066,am
NA,SLB-56010,7,2363.668,0.007512796209012243,am
NA,SLB-56010,8,1825.1406000000002,0.572562844205323,am
NA,SLB-56831,1,15588.7883,0.8890406484097778,am
NA,SLB-56831,2,29589.5341,0.6449671236073844,am
NA,SLB-56831,3,9781.9092,0.4825615119819602,am
NA,SLB-56831,4,11767.1012,0.8602118054695578,am
NA,SLB-56831,5,12965.912,0.4609417818366226,am
NA,SLB-56831,6,8158.171,1,am
NA,SLB-56831,7,2363.668,0.007512796209012243,am
NA,SLB-56831,8,1825.1406000000002,0.572562844205323,am
NA,SLB-64873,1,15588.7883,0.8890406484097778,am
NA,SLB-64873,2,29589.5341,0.6449671236073844,am
NA,SLB-64873,3,9781.9092,0.4825615119819602,am
NA,SLB-64873,4,11767.1012,0.8602118054695578,am
NA,SLB-64873,5,12965.912,0.4609417818366226,am
NA,SLB-64873,6,8158.171,1,am
NA,SLB-64873,7,2363.668,0.007512796209012243,am
NA,SLB-64873,8,1825.1406000000002,0.572562844205323,am
NA,SLB-64971,1,17516.7743,0.9989951805118639,am
NA,SLB-64971,2,38559.7863,0.8404929382388089,am
NA,SLB-64971,3,19476.9779,0.9608390051569098,am
NA,SLB-64971,4,12115.3598,0.8856705955304693,am
NA,SLB-64971,5,22415.6947,0.7968841880250103,am
NA,SLB-64971,6,6750.0853,0.8274017914064317,am
NA,SLB-64971,7,4274.2657,0.01358553195595619,am
NA,SLB-64971,8,3187.6686000000004,1,am
NA,SLB-64977,1,17516.7743,0.9989951805118639,am
NA,SLB-64977,2,38559.7863,0.8404929382388089,am
NA,SLB-64977,3,19476.9779,0.9608390051569098,am
NA,SLB-64977,4,12115.3598,0.8856705955304693,am
NA,SLB-64977,5,22415.6947,0.7968841880250103,am
NA,SLB-64977,6,7880.0085,0.9659038159410975,am
NA,SLB-64977,7,4274.2657,0.01358553195595619,am
NA,SLB-64977,8,3187.6686000000004,1,am
NA,SLB-64981,1,17516.7743,0.9989951805118639,am
NA,SLB-64981,2,38559.7863,0.8404929382388089,am
NA,SLB-64981,3,19476.9779,0.9608390051569098,am
NA,SLB-64981,4,12115.3598,0.8856705955304693,am
NA,SLB-64981,5,22415.6947,0.7968841880250103,am
NA,SLB-64981,6,6730.3199,0.8249790179686108,am
NA,SLB-64981,7,4274.2657,0.01358553195595619,am
NA,SLB-64981,8,3187.6686000000004,1,am
NA,SLB-65492,2,4675.1291,0.1019044287054246,am
NA,SLB-65492,5,800.5072000000001,0.02845825385372395,am
NA,SLB-65492,7,117969.6058,0.3749602766686813,am
NA,SLB-65694,2,4675.1291,0.1019044287054246,am
NA,SLB-65694,5,800.5072000000001,0.02845825385372395,am
NA,SLB-65694,7,129619.9958,0.4119904373450175,am
NA,SLB-65739,2,4120.7309000000005,0.08982013527996267,am
NA,SLB-65739,7,9142.4982,0.029058956595368408,am
NA,SLB-65922,7,38992.0224,0.12393412191070846,am
NA,SLB-66324,1,15787.6476,0.9003817480265014,am
NA,SLB-66324,2,40714.228,0.8874535987727915,am
NA,SLB-66324,3,19234.9173,0.9488976625479167,am
NA,SLB-66324,4,11566.724699999999,0.845563658240343,am
NA,SLB-66324,5,22714.4749,0.80750590732755545,am
NA,SLB-66324,6,4429.3197,0.5429304803736034,am
NA,SLB-66324,7,59939.7652,0.19051543650108388,am
NA,SLB-66324,8,3113.0440000000003,0.9765895990568154,am
NA,SLB-66328,1,17225.6878,0.9823942923784781,am
NA,SLB-66328,2,45877.585100000004,0.9999999999999999,am
NA,SLB-66328,3,19552.9873,0.9645887037319938,am
NA,SLB-66328,4,12763.2577,0.9330339531532401,am
NA,SLB-66328,5,23123.0373,0.8220304144079249,am
NA,SLB-66328,6,3009.5861,0.36890451303361993,am
NA,SLB-66328,7,238997.2812,0.7596404690352422,am
NA,SLB-66328,8,3169.1740000000004,0.9941980794364884,am
NA,SLB-66452,2,7915.404600000001,0.17253315715608578,am
NA,SLB-66452,4,39.9442,0.002920045626873432,am
NA,SLB-66452,5,3176.0977000000003,0.11291115758962414,am
NA,SLB-66452,7,309976.9955,0.9852458114563487,am
NA,SLB-66824,1,17464.5845,0.9960187558700349,am
NA,SLB-66824,2,41528.2741,0.9051974730029981,am
NA,SLB-66824,3,20063.0681,0.9897520289120075,am
NA,SLB-66824,4,12115.3598,0.8856705955304693,am
NA,SLB-66824,5,24453.7747,0.8693384995092764,am
NA,SLB-66824,6,7880.0085,0.9659038159410975,am
NA,SLB-66824,7,4610.1877,0.014653242619265849,am
NA,SLB-66824,8,3187.6686000000004,1,am
NA,SLB-67342,1,17516.7743,0.9989951805118639,am
NA,SLB-67342,2,40057.8489,0.8731464137156599,am
NA,SLB-67342,3,20005.025,0.986888644523189,am
NA,SLB-67342,4,12115.3598,0.8856705955304693,am
NA,SLB-67342,5,17489.4455,0.6217546572971111,am
NA,SLB-67342,6,3009.5861,0.36890451303361993,am
NA,SLB-67342,7,4203.886,0.013361833727883798,am
NA,SLB-67342,8,3187.6686000000004,1,am
NA,SLB-67618,1,17516.7743,0.9989951805118639,am
NA,SLB-67618,2,37241.4428,0.8117568245761915,am
NA,SLB-67618,3,19476.9779,0.9608390051569098,am
NA,SLB-67618,4,12115.3598,0.8856705955304693,am
NA,SLB-67618,5,15203.3359,0.5404828244713286,am
NA,SLB-67618,6,3009.5861,0.36890451303361993,am
NA,SLB-67618,7,2383.6401,0.007576276493538671,am
NA,SLB-67618,8,3187.6686000000004,1,am
NA,SLB-67642,1,15588.7883,0.8890406484097778,am
NA,SLB-67642,2,24306.5368,0.5298129085700284,am
NA,SLB-67642,3,8354.2263,0.4121310055472051,am
NA,SLB-67642,4,9986.7671,0.7300638289653683,am
NA,SLB-67642,5,2133.6936,0.07585340158697651,am
NA,SLB-67642,6,4429.3197,0.5429304803736034,am
NA,SLB-67642,7,458.20640000000003,0.0014563852896706084,am
NA,SLB-67642,8,1825.1406000000002,0.572562844205323,am
NA,SLB-68942,1,17441.0783,0.994678179111439,am
NA,SLB-68942,2,33024.8441,0.7198470457417341,am
NA,SLB-68942,3,18141.9866,0.8949811642140841,am
NA,SLB-68942,4,12115.3598,0.8856705955304693,am
NA,SLB-68942,5,18545.5227,0.6592984958119052,am
NA,SLB-68942,6,6750.0853,0.8274017914064317,am
NA,SLB-68942,7,2383.6401,0.007576276493538671,am
NA,SLB-68942,8,3074.1246,0.9643802370171103,am
NA,SLB-69078,2,5282.9973,0.115154215037356,am
NA,SLB-69078,3,1427.6829,0.07043050643475504,am
NA,SLB-69078,4,1780.3341,0.13014797650418952,am
NA,SLB-69078,5,10139.8151,0.36047325014143944,am
NA,SLB-69078,7,1925.4337,0.006119891203868063,am
NA,SLB-69728,1,14741.879400000002,0.8407407790992162,am
NA,SLB-69728,2,31198.594100000002,0.6800400246001614,am
NA,SLB-69728,3,12712.1944,0.627118451505623,am
NA,SLB-69728,4,6661.902,0.48700581816031785,am
NA,SLB-69728,5,197.654,0.007026654734903013,am
NA,SLB-69728,7,2363.668,0.007512796209012243,am
NA,SLB-69728,8,1806.6460000000002,0.5667609236418114,am
163207,SLB-70957,1,17225.6878,0.9823942923784781,am
163207,SLB-70957,2,45877.585100000004,0.9999999999999999,am
163207,SLB-70957,3,19552.9873,0.9645887037319938,am
163207,SLB-70957,4,12859.9962,0.9401058392812711,am
163207,SLB-70957,5,27988.7549,0.9950080299013676,am
163207,SLB-70957,6,7860.243100000001,0.9634810425032768,am
163207,SLB-70957,7,314618.9427,1,am
163207,SLB-70957,8,3169.1740000000004,0.9941980794364884,am
176066,SLB-71422,1,17225.6878,0.9823942923784781,am
176066,SLB-71422,2,45877.585100000004,0.9999999999999999,am
176066,SLB-71422,3,19552.9873,0.9645887037319938,am
176066,SLB-71422,4,12859.9962,0.9401058392812711,am
176066,SLB-71422,5,27988.7549,0.9950080299013676,am
176066,SLB-71422,6,7860.243100000001,0.9634810425032768,am
176066,SLB-71422,7,314618.9427,1,am
176066,SLB-71422,8,3169.1740000000004,0.9941980794364884,am
162910,SLB-71429,1,2072.8974,0.118218941274797,am
162910,SLB-71429,2,22315.5665,0.4864154565101553,am
162910,SLB-71429,3,5322.649,0.2625771203426493,am
162910,SLB-71429,4,5813.2958,0.4249700576932743,am
162910,SLB-71429,5,19372.5429,0.6886992941979254,am
162910,SLB-71429,7,314618.9427,1,am
162910,SLB-71429,8,224.51999999999998,0.07043392151869236,am
162909,SLB-71435,1,17225.6878,0.9823942923784781,am
162909,SLB-71435,2,45323.1869,0.987915706574538,am
162909,SLB-71435,3,19552.9873,0.9645887037319938,am
162909,SLB-71435,4,12859.9962,0.9401058392812711,am
162909,SLB-71435,5,27764.5661,0.9870380556380983,am
162909,SLB-71435,6,7860.243100000001,0.9634810425032768,am
162909,SLB-71435,7,100724.56480000001,0.3201478078071235,am
162909,SLB-71435,8,3169.1740000000004,0.9941980794364884,am
162948,SLB-71450,2,21352.2119,0.46541708447509367,am
162948,SLB-71450,3,3387.879,0.16713097404869912,am
162948,SLB-71450,4,5813.2958,0.4249700576932743,am
162948,SLB-71450,5,18940.3041,0.6733330845050844,am
162948,SLB-71450,7,314618.9427,1,am
163256,SLB-71465,1,17225.6878,0.9823942923784781,am
163256,SLB-71465,2,45877.585100000004,0.9999999999999999,am
163256,SLB-71465,3,19552.9873,0.9645887037319938,am
163256,SLB-71465,4,12859.9962,0.9401058392812711,am
163256,SLB-71465,5,27988.7549,0.9950080299013676,am
163256,SLB-71465,6,7698.8255,0.9436950389983245,am
163256,SLB-71465,7,246584.5884,0.7837563316558689,am
163256,SLB-71465,8,3169.1740000000004,0.9941980794364884,am
163094,SLB-71490,1,8502.2684,0.48489093993854315,am
163094,SLB-71490,2,22768.5877,0.49629002159488117,am
163094,SLB-71490,3,13609.229200000002,0.6713710059444267,am
163094,SLB-71490,4,11767.1012,0.8602118054695578,am
163094,SLB-71490,5,12451.342,0.4426486750594309,am
163094,SLB-71490,6,8158.171,1,am
163094,SLB-71490,7,2363.668,0.007512796209012243,am
163094,SLB-71490,8,1825.1406000000002,0.572562844205323,am
163063,SLB-71492,2,7215.7904,0.15728357070825855,am
163063,SLB-71492,7,4687.9942,0.01490054654614412,am
163247,SLB-71509,1,8403.5858,0.4792629949692242,am
163247,SLB-71509,2,41953.042,0.9144561970416354,am
163247,SLB-71509,3,16704.0966,0.8240471207388349,am
163247,SLB-71509,4,2028.5013999999999,0.14828978029793147,am
163247,SLB-71509,5,9359.4634,0.33273152992482546,am
163247,SLB-71509,7,52825.6881,0.1679037112217719,am
163247,SLB-71509,8,2345.934,0.7359403672012831,am
176070,SLB-71510,1,17498.7148,0.9979652332651009,am
176070,SLB-71510,2,45877.585100000004,0.9999999999999999,am
176070,SLB-71510,3,20063.0681,0.9897520289120075,am
176070,SLB-71510,4,13621.2637,0.9957568683231813,am
176070,SLB-71510,5,27614.604900000002,0.9817068932228084,am
176070,SLB-71510,6,7028.2478,0.861497975465334,am
176070,SLB-71510,7,307322.6825,0.9768092151814354,am
176070,SLB-71510,8,3187.6686000000004,1,am
162950,SLB-71523,1,17516.7743,0.9989951805118639,am
162950,SLB-71523,2,42972.212400000004,0.9366711937067498,am
162950,SLB-71523,3,20063.0681,0.9897520289120075,am
162950,SLB-71523,4,13639.3626,0.9970799543731266,am
162950,SLB-71523,5,24873.1888,0.8842487875462,am
162950,SLB-71523,6,7860.243100000001,0.9634810425032768,am
162950,SLB-71523,7,12280.5177,0.03903298890591561,am
162950,SLB-71523,8,3187.6686000000004,1,am
NA,SLB-71681,1,5822.76,0.33207650436400615,am
NA,SLB-71681,2,33287.3248,0.7255683734756998,am
NA,SLB-71681,3,6623.9378,0.3267723482898879,am
NA,SLB-71681,4,6379.6278999999995,0.46637070088960936,am
NA,SLB-71681,5,16258.1936,0.5779833094215643,am
NA,SLB-71681,6,5465.6374000000005,0.6699586708834615,am
NA,SLB-71681,7,12280.5177,0.03903298890591561,am
NA,SLB-71681,8,338.06399999999996,0.10605368450158212,am
NA,SLB-74686,1,15850.7283,0.9039792891150632,am
NA,SLB-74686,2,25915.5968,0.5648858095628054,am
NA,SLB-74686,3,12181.5463,0.6009404995096717,am
NA,SLB-74686,4,9986.7671,0.7300638289653683,am
NA,SLB-74686,5,2133.6936,0.07585340158697651,am
NA,SLB-74686,6,4429.3197,0.5429304803736034,am
NA,SLB-74686,7,458.20640000000003,0.0014563852896706084,am
NA,SLB-74686,8,1825.1406000000002,0.572562844205323,am
NA,SLB-75746,1,17441.0783,0.994678179111439,am
NA,SLB-75746,2,33024.8441,0.7198470457417341,am
NA,SLB-75746,3,18141.9866,0.8949811642140841,am
NA,SLB-75746,4,11248.5956,0.8223074286191169,am
NA,SLB-75746,5,8209.2345,0.2918405722593733,am
NA,SLB-75746,7,2383.6401,0.007576276493538671,am
NA,SLB-75746,8,3074.1246,0.9643802370171103,am
NA,SLB-75788,1,17225.6878,0.9823942923784781,am
NA,SLB-75788,2,36641.6641,0.798683366182672,am
NA,SLB-75788,3,17631.9058,0.8698178390340704,am
NA,SLB-75788,4,11296.0492,0.8257764348117406,am
NA,SLB-75788,5,20422.8227,0.7260370335284879,am
NA,SLB-75788,6,7860.243100000001,0.9634810425032768,am
NA,SLB-75788,7,2383.6401,0.007576276493538671,am
NA,SLB-75788,8,3169.1740000000004,0.9941980794364884,am
NA,SLB-77390,1,15559.641800000001,0.8873784009816774,am
NA,SLB-77390,2,31198.594100000002,0.6800400246001614,am
NA,SLB-77390,3,12712.1944,0.627118451505623,am
NA,SLB-77390,4,8308.2454,0.6073586565073604,am
NA,SLB-77390,5,652.2582,0.023187960625179943,am
NA,SLB-77390,7,2363.668,0.007512796209012243,am
NA,SLB-77390,8,1806.6460000000002,0.5667609236418114,am
NA,SLB-83781,1,14303.5591,0.8157430335256768,am
NA,SLB-83781,2,26928.2668,0.5869591161196495,am
NA,SLB-83781,3,5720.278,0.282192969102304,am
NA,SLB-83781,4,10076.9345,0.7366553471846979,am
NA,SLB-83781,5,12825.492,0.4559498117379902,am
NA,SLB-83781,6,7860.243100000001,0.9634810425032768,am
NA,SLB-83781,7,1855.1782,0.0058965877390573275,am
NA,SLB-83781,8,973.99,0.3055493284339532,am
NA,SLB-96837,2,7840.564600000001,0.1709018594354915,am
NA,SLB-96837,4,39.9442,0.002920045626873432,am
NA,SLB-96837,5,3176.0977000000003,0.11291115758962414,am
NA,SLB-96837,7,139551.4108,0.44355692509292766,am
NA,SLB-9723,1,15850.7283,0.9039792891150632,am
NA,SLB-9723,2,31198.594100000002,0.6800400246001614,am
NA,SLB-9723,3,9781.9092,0.4825615119819602,am
NA,SLB-9723,4,11767.1012,0.8602118054695578,am
NA,SLB-9723,5,12965.912,0.4609417818366226,am
NA,SLB-9723,6,7028.2478,0.861497975465334,am
NA,SLB-9723,7,2363.668,0.007512796209012243,am
NA,SLB-9723,8,1825.1406000000002,0.572562844205323,am
NA,SLB-97303,2,23135.1578,0.5042802002235292,am
NA,SLB-97303,3,58.043099999999995,0.002863384388818505,am
NA,SLB-97303,5,1852.4520000000002,0.06585518439789004,am
NA,SLB-97303,7,17144.0731,0.054491547625431645,am
NA,SLB-9740,1,15850.7283,0.9039792891150632,am
NA,SLB-9740,2,31198.594100000002,0.6800400246001614,am
NA,SLB-9740,3,11695.5692,0.5769662589631934,am
NA,SLB-9740,4,11767.1012,0.8602118054695578,am
NA,SLB-9740,5,12965.912,0.4609417818366226,am
NA,SLB-9740,6,7028.2478,0.861497975465334,am
NA,SLB-9740,7,2363.668,0.007512796209012243,am
NA,SLB-9740,8,1825.1406000000002,0.572562844205323,am
NA,SLB-97520,1,16366.2021,0.9333771584408178,am
NA,SLB-97520,2,33677.6982,0.7340773958915287,am
NA,SLB-97520,3,17244.951800000003,0.8507286097752804,am
NA,SLB-97520,4,8559.7655,0.625745560440241,am
NA,SLB-97520,5,7639.4615,0.2715849834614239,am
NA,SLB-97520,7,2383.6401,0.007576276493538671,am
NA,SLB-97520,8,3169.1740000000004,0.9941980794364884,am
NA,SLB-97601,1,15588.7883,0.8890406484097778,am
NA,SLB-97601,2,29589.5341,0.6449671236073844,am
NA,SLB-97601,3,8717.7857,0.43006613152028755,am
NA,SLB-97601,4,10915.8024,0.7979792075428851,am
NA,SLB-97601,5,11274.712800000001,0.4008191793780627,am
NA,SLB-97601,6,4429.3197,0.5429304803736034,am
NA,SLB-97601,7,2363.668,0.007512796209012243,am
NA,SLB-97601,8,1825.1406000000002,0.572562844205323,am
NA,SLB-97619,1,15552.0962,0.8869480695801893,am
NA,SLB-97619,2,31198.594100000002,0.6800400246001614,am
NA,SLB-97619,3,11695.5692,0.5769662589631934,am
NA,SLB-97619,4,11767.1012,0.8602118054695578,am
NA,SLB-97619,5,6951.2172,0.24711770696125182,am
NA,SLB-97619,6,118.5924,0.014536640626924833,am
NA,SLB-97619,7,2363.668,0.007512796209012243,am
NA,SLB-97619,8,1825.1406000000002,0.572562844205323,am
NA,SLB-97620,1,15850.7283,0.9039792891150632,am
NA,SLB-97620,2,31198.594100000002,0.6800400246001614,am
NA,SLB-97620,3,13609.229200000002,0.6713710059444267,am
NA,SLB-97620,4,10900.337,0.7968486385582053,am
NA,SLB-97620,5,2629.6238000000003,0.09348385828409066,am
NA,SLB-97620,7,2363.668,0.007512796209012243,am
NA,SLB-97620,8,1825.1406000000002,0.572562844205323,am
NA,SLB-97626,1,15850.7283,0.9039792891150632,am
NA,SLB-97626,2,31198.594100000002,0.6800400246001614,am
NA,SLB-97626,3,13609.229200000002,0.6713710059444267,am
NA,SLB-97626,4,11767.1012,0.8602118054695578,am
NA,SLB-97626,5,12965.912,0.4609417818366226,am
NA,SLB-97626,6,8158.171,1,am
NA,SLB-97626,7,2363.668,0.007512796209012243,am
NA,SLB-97626,8,1825.1406000000002,0.572562844205323,am
NA,SLB-98767,1,4135.393300000001,0.23584467696321534,am
NA,SLB-98767,2,22768.5877,0.49629002159488117,am
NA,SLB-98767,3,12238.6951,0.6037597662573077,am
NA,SLB-98767,4,464.5544,0.0339603758284009,am
NA,SLB-98767,7,2324.5534000000002,0.007388472480554172,am
NA,SLB-98767,8,888.7860000000001,0.2788200755875313,am
NA,URM-2-1045,1,14594.6456,0.8323439216590626,am
NA,URM-2-1045,2,26928.2668,0.5869591161196495,am
NA,URM-2-1045,3,6230.3588,0.3073562942823177,am
NA,URM-2-1045,4,10029.4809,0.7331863409920742,am
NA,URM-2-1045,5,2629.6238000000003,0.09348385828409066,am
NA,URM-2-1045,7,1855.1782,0.0058965877390573275,am
NA,URM-2-1045,8,992.4846,0.31135124899746475,am
NA,URM-2-1071,1,1872.6878000000002,0.10680083300515925,am
NA,URM-2-1071,2,35277.4888,0.7689482505041443,am
NA,URM-2-1071,3,2932.5575,0.14466903671259154,am
NA,URM-2-1071,4,1563.947,0.11432940446953056,am
NA,URM-2-1071,5,9583.6522,0.34070150418809475,am
NA,URM-2-1071,7,314051.3662,0.9981959875170605,am
NA,URM-2-1071,8,1362.5280000000002,0.42743715579467706,am
NA,URM-2-1077,1,15588.7883,0.8890406484097778,am
NA,URM-2-1077,2,29589.5341,0.6449671236073844,am
NA,URM-2-1077,3,8717.7857,0.43006613152028755,am
NA,URM-2-1077,4,10915.8024,0.7979792075428851,am
NA,URM-2-1077,5,12965.912,0.4609417818366226,am
NA,URM-2-1077,6,8158.171,1,am
NA,URM-2-1077,7,2363.668,0.007512796209012243,am
NA,URM-2-1077,8,1825.1406000000002,0.572562844205323,am
NA,URM-2-1092,2,10425.4488,0.22724493404078497,am
NA,URM-2-1092,5,2247.9465,0.07991512399462523,am
NA,URM-2-1092,7,272694.0956,0.8667440468135551,am
NA,URM-2-1097,2,5634.971100000001,0.12282623611764604,am
NA,URM-2-1097,5,2247.9465,0.07991512399462523,am
NA,URM-2-1097,7,94976.8011,0.3018788388420835,am
NA,URM-2-11,1,16366.2021,0.9333771584408178,am
NA,URM-2-11,2,37093.883,0.8085404434245166,am
NA,URM-2-11,3,19494.9442,0.9617253193431753,am
NA,URM-2-11,4,10606.3487,0.7753571767247738,am
NA,URM-2-11,5,13939.5979,0.49555658669533176,am
NA,URM-2-11,7,6053.3460000000005,0.019240246464663997,am
NA,URM-2-11,8,3169.1740000000004,0.9941980794364884,am
NA,URM-2-1124,2,5634.971100000001,0.12282623611764604,am
NA,URM-2-1124,5,2247.9465,0.07991512399462523,am
NA,URM-2-1124,7,285977.2456,0.9089638505100729,am
NA,URM-2-1136,1,15787.6476,0.9003817480265014,am
NA,URM-2-1136,2,41268.6262,0.8995378921982534,am
NA,URM-2-1136,3,18972.977300000002,0.9359756286316181,am
NA,URM-2-1136,4,11566.724699999999,0.845563658240343,am
NA,URM-2-1136,5,22938.6637,0.8154758815908247,am
NA,URM-2-1136,6,4429.3197,0.5429304803736034,am
NA,URM-2-1136,7,125666.9229,0.3994258000537105,am
NA,URM-2-1136,8,3113.0440000000003,0.9765895990568154,am
NA,URM-2-1151,2,8922.5991,0.19448711349019981,am
NA,URM-2-1151,5,2951.9089,0.10494118332635487,am
NA,URM-2-1151,7,93780.3591,0.2980760099668341,am
NA,URM-2-1165,1,15551.7991,0.8869311257375019,am
NA,URM-2-1165,2,27777.0633,0.6054604495736633,am
NA,URM-2-1165,3,6230.3588,0.3073562942823177,am
NA,URM-2-1165,4,10896.2451,0.7965495079034267,am
NA,URM-2-1165,5,12965.912,0.4609417818366226,am
NA,URM-2-1165,6,8158.171,1,am
NA,URM-2-1165,7,1855.1782,0.0058965877390573275,am
NA,URM-2-1165,8,992.4846,0.31135124899746475,am
NA,URM-2-137,1,75.69600000000001,0.004317001400424852,am
NA,URM-2-137,2,24313.2533,0.5299593090395684,am
NA,URM-2-137,3,6048.9984,0.29840941621912187,am
NA,URM-2-137,4,19.5573,0.0014296996394583387,am
NA,URM-2-137,5,5908.252,0.21004000369737114,am
NA,URM-2-137,7,6784.3927,0.021563840504254545,am
NA,URM-2-137,8,113.544,0.03561976298288975,am
NA,URM-2-1797,1,17464.5845,0.9960187558700349,am
NA,URM-2-1797,2,37241.4428,0.8117568245761915,am
NA,URM-2-1797,3,19476.9779,0.9608390051569098,am
NA,URM-2-1797,4,12115.3598,0.8856705955304693,am
NA,URM-2-1797,5,20048.6727,0.7127358968499286,am
NA,URM-2-1797,6,8158.171,1,am
NA,URM-2-1797,7,2383.6401,0.007576276493538671,am
NA,URM-2-1797,8,3187.6686000000004,1,am
NA,URM-2-1836,7,1972.9568,0.006270940913692162,am
NA,URM-2-1864,7,1849.46,0.0058784127367802,am
NA,URM-2-187,1,5453.2969,0.31100573813982907,am
NA,URM-2-187,2,34645.0325,0.7551625139920453,am
NA,URM-2-187,3,7962.6584,0.39281416320035517,am
NA,URM-2-187,4,1583.5043,0.1157591041089889,am
NA,URM-2-187,5,9359.4634,0.33273152992482546,am
NA,URM-2-187,7,89710.1453,0.2851390463972848,am
NA,URM-2-187,8,113.544,0.03561976298288975,am
NA,URM-2-1888,1,15559.641800000001,0.8873784009816774,am
NA,URM-2-1888,2,31198.594100000002,0.6800400246001614,am
NA,URM-2-1888,3,11185.4884,0.5518029337831797,am
NA,URM-2-1888,4,10851.052099999999,0.793245758622798,am
NA,URM-2-1888,5,12825.492,0.4559498117379902,am
NA,URM-2-1888,6,7698.8255,0.9436950389983245,am
NA,URM-2-1888,7,2363.668,0.007512796209012243,am
NA,URM-2-1888,8,1806.6460000000002,0.5667609236418114,am
NA,URM-2-1893,1,10488.053,0.5981417708826102,am
NA,URM-2-1893,2,24321.4977,0.5301390133544758,am
NA,URM-2-1893,3,7299.1277,0.36008084179123306,am
NA,URM-2-1893,4,10096.4918,0.7380850468241563,am
NA,URM-2-1893,5,12886.0236,0.45810172697244667,am
NA,URM-2-1893,6,6568.9023,0.8051930144636585,am
NA,URM-2-1893,7,2363.668,0.007512796209012243,am
NA,URM-2-1893,8,992.4846,0.31135124899746475,am
NA,URM-2-1935,1,15850.7283,0.9039792891150632,am
NA,URM-2-1935,2,31198.594100000002,0.6800400246001614,am
NA,URM-2-1935,3,17130.5106,0.845082992199416,am
NA,URM-2-1935,4,12115.3598,0.8856705955304693,am
NA,URM-2-1935,5,16981.229900000002,0.6036874512092425,am
NA,URM-2-1935,6,8158.171,1,am
NA,URM-2-1935,7,2383.6401,0.007576276493538671,am
NA,URM-2-1935,8,1825.1406000000002,0.572562844205323,am
NA,URM-2-1939,1,17481.3182,0.9969730917178246,am
NA,URM-2-1939,2,44656.6084,0.9733862037999903,am
NA,URM-2-1939,3,20063.0681,0.9897520289120075,am
NA,URM-2-1939,4,13365.5604,0.9770641594207098,am
NA,URM-2-1939,5,25740.8084,0.9150929059067424,am
NA,URM-2-1939,6,4631.0917,0.5676629847547937,am
NA,URM-2-1939,7,27671.4312,0.08795220962389942,am
NA,URM-2-1939,8,3187.6686000000004,1,am
NA,URM-2-1980,1,17516.7743,0.9989951805118639,am
NA,URM-2-1980,2,42972.212400000004,0.9366711937067498,am
NA,URM-2-1980,3,20063.0681,0.9897520289120075,am
NA,URM-2-1980,4,13365.5604,0.9770641594207098,am
NA,URM-2-1980,5,23121.458000000002,0.8219742698531837,am
NA,URM-2-1980,6,4429.3197,0.5429304803736034,am
NA,URM-2-1980,7,12280.5177,0.03903298890591561,am
NA,URM-2-1980,8,3187.6686000000004,1,am
NA,URM-2-2005,1,15798.5385,0.9010028644732342,am
NA,URM-2-2005,2,31198.594100000002,0.6800400246001614,am
NA,URM-2-2005,3,9781.9092,0.4825615119819602,am
NA,URM-2-2005,4,11767.1012,0.8602118054695578,am
NA,URM-2-2005,5,11274.712800000001,0.4008191793780627,am
NA,URM-2-2005,6,4429.3197,0.5429304803736034,am
NA,URM-2-2005,7,2363.668,0.007512796209012243,am
NA,URM-2-2005,8,1825.1406000000002,0.572562844205323,am
NA,URM-2-2048,1,15850.7283,0.9039792891150632,am
NA,URM-2-2048,2,31198.594100000002,0.6800400246001614,am
NA,URM-2-2048,3,17130.5106,0.845082992199416,am
NA,URM-2-2048,4,12115.3598,0.8856705955304693,am
NA,URM-2-2048,5,14775.4607,0.525271741973491,am
NA,URM-2-2048,6,4429.3197,0.5429304803736034,am
NA,URM-2-2048,7,2383.6401,0.007576276493538671,am
NA,URM-2-2048,8,1825.1406000000002,0.572562844205323,am
NA,URM-2-2060,2,5282.9973,0.115154215037356,am
NA,URM-2-2060,3,1427.6829,0.07043050643475504,am
NA,URM-2-2060,4,430.2606,0.03145339206808345,am
NA,URM-2-2060,5,11220.7067,0.39889924748557054,am
NA,URM-2-2060,7,3774.8937,0.011998303940648263,am
NA,URM-2-2126,1,15445.6586,0.8808778509654955,am
NA,URM-2-2126,2,27777.0633,0.6054604495736633,am
NA,URM-2-2126,3,7299.1277,0.36008084179123306,am
NA,URM-2-2126,4,10096.4918,0.7380850468241563,am
NA,URM-2-2126,5,11194.8244,0.39797912451388684,am
NA,URM-2-2126,6,4429.3197,0.5429304803736034,am
NA,URM-2-2126,7,2363.668,0.007512796209012243,am
NA,URM-2-2126,8,992.4846,0.31135124899746475,am
NA,URM-2-2128,1,15850.7283,0.9039792891150632,am
NA,URM-2-2128,2,31198.594100000002,0.6800400246001614,am
NA,URM-2-2128,3,9781.9092,0.4825615119819602,am
NA,URM-2-2128,4,11767.1012,0.8602118054695578,am
NA,URM-2-2128,5,8258.1908,0.293580982355796,am
NA,URM-2-2128,6,4429.3197,0.5429304803736034,am
NA,URM-2-2128,7,2363.668,0.007512796209012243,am
NA,URM-2-2128,8,1825.1406000000002,0.572562844205323,am
NA,URM-2-2291,1,15850.7283,0.9039792891150632,am
NA,URM-2-2291,2,31198.594100000002,0.6800400246001614,am
NA,URM-2-2291,3,17130.5106,0.845082992199416,am
NA,URM-2-2291,4,12115.3598,0.8856705955304693,am
NA,URM-2-2291,5,15290.030700000001,0.5435648487506827,am
NA,URM-2-2291,6,4429.3197,0.5429304803736034,am
NA,URM-2-2291,7,2383.6401,0.007576276493538671,am
NA,URM-2-2291,8,1825.1406000000002,0.572562844205323,am
NA,URM-2-2294,1,8280.7683,0.47225861799426283,am
NA,URM-2-2294,2,22768.5877,0.49629002159488117,am
NA,URM-2-2294,3,13194.831400000001,0.6509279181134746,am
NA,URM-2-2294,4,11493.298999999999,0.8401960105171411,am
NA,URM-2-2294,5,8197.6592,0.29142906712133954,am
NA,URM-2-2294,6,4429.3197,0.5429304803736034,am
NA,URM-2-2294,7,2363.668,0.007512796209012243,am
NA,URM-2-2294,8,1806.6460000000002,0.5667609236418114,am
NA,URM-2-2581,1,8222.268900000001,0.46892235198649473,am
NA,URM-2-2581,2,21159.5277,0.4612171206021042,am
NA,URM-2-2581,3,8717.7857,0.43006613152028755,am
NA,URM-2-2581,4,10915.8024,0.7979792075428851,am
NA,URM-2-2581,5,7606.0052000000005,0.27039560268083085,am
NA,URM-2-2581,6,3009.5861,0.36890451303361993,am
NA,URM-2-2581,7,2363.668,0.007512796209012243,am
NA,URM-2-2581,8,1825.1406000000002,0.572562844205323,am
NA,URM-2-2613,1,15551.7991,0.8869311257375019,am
NA,URM-2-2613,2,27777.0633,0.6054604495736633,am
NA,URM-2-2613,3,7658.041700000001,0.37778680071707277,am
NA,URM-2-2613,4,10915.8024,0.7979792075428851,am
NA,URM-2-2613,5,12965.912,0.4609417818366226,am
NA,URM-2-2613,6,8158.171,1,am
NA,URM-2-2613,7,2363.668,0.007512796209012243,am
NA,URM-2-2613,8,992.4846,0.31135124899746475,am
NA,URM-2-2761,5,5928.612,0.21076380736642225,am
NA,URM-2-2761,7,41.165600000000005,1.3084272563732065e-4,am
NA,URM-2-2765,1,12471.5228,0.7112605869931101,am
NA,URM-2-2765,2,35104.2207,0.7651715020196213,am
NA,URM-2-2765,3,19476.9779,0.9608390051569098,am
NA,URM-2-2765,4,12115.3598,0.8856705955304693,am
NA,URM-2-2765,5,22415.6947,0.7968841880250103,am
NA,URM-2-2765,6,8158.171,1,am
NA,URM-2-2765,7,2424.8057,0.007707119219175992,am
NA,URM-2-2765,8,3187.6686000000004,1,am
NA,URM-2-2829,1,10506.5476,0.5991965322187481,am
NA,URM-2-2829,2,24321.4977,0.5301390133544758,am
NA,URM-2-2829,3,6230.3588,0.3073562942823177,am
NA,URM-2-2829,4,10896.2451,0.7965495079034267,am
NA,URM-2-2829,5,12965.912,0.4609417818366226,am
NA,URM-2-2829,6,7028.2478,0.861497975465334,am
NA,URM-2-2829,7,1855.1782,0.0058965877390573275,am
NA,URM-2-2829,8,992.4846,0.31135124899746475,am
NA,URM-2-3,1,17516.7743,0.9989951805118639,am
NA,URM-2-3,2,37241.4428,0.8117568245761915,am
NA,URM-2-3,3,19476.9779,0.9608390051569098,am
NA,URM-2-3,4,12115.3598,0.8856705955304693,am
NA,URM-2-3,5,20563.242700000003,0.7310290036271202,am
NA,URM-2-3,6,8158.171,1,am
NA,URM-2-3,7,2383.6401,0.007576276493538671,am
NA,URM-2-3,8,3187.6686000000004,1,am
NA,URM-2-3083,1,15260.7126,0.8703302376041162,am
NA,URM-2-3083,2,27777.0633,0.6054604495736633,am
NA,URM-2-3083,3,7147.9609,0.35262347553705903,am
NA,URM-2-3083,4,10096.4918,0.7380850468241563,am
NA,URM-2-3083,5,5333.977400000001,0.18962438176599342,am
NA,URM-2-3083,6,118.5924,0.014536640626924833,am
NA,URM-2-3083,7,2363.668,0.007512796209012243,am
NA,URM-2-3083,8,973.99,0.3055493284339532,am
NA,URM-2-311,1,15445.6586,0.8808778509654955,am
NA,URM-2-311,2,27777.0633,0.6054604495736633,am
NA,URM-2-311,3,7299.1277,0.36008084179123306,am
NA,URM-2-311,4,10096.4918,0.7380850468241563,am
NA,URM-2-311,5,7628.0208,0.27117826339086826,am
NA,URM-2-311,6,3743.2949,0.4588399654775562,am
NA,URM-2-311,7,2363.668,0.007512796209012243,am
NA,URM-2-311,8,992.4846,0.31135124899746475,am
NA,URM-2-3295,1,15464.1532,0.8819326123016334,am
NA,URM-2-3295,2,19239.316600000002,0.4193620165068366,am
NA,URM-2-3295,3,5843.4048,0.28826706502352767,am
NA,URM-2-3295,4,7982.8976999999995,0.5835747247075415,am
NA,URM-2-3295,5,652.2582,0.023187960625179943,am
NA,URM-2-3295,7,287.89040000000006,9.150447125954315e-4,am
NA,URM-2-3295,8,992.4846,0.31135124899746475,am
NA,URM-2-3314,2,11482.0856,0.25027659095334553,am
NA,URM-2-3314,5,2247.9465,0.07991512399462523,am
NA,URM-2-3314,7,291954.9284,0.9279636054158031,am
NA,URM-2-333,2,690.8175,0.015057843574246893,am
NA,URM-2-333,4,39.9442,0.002920045626873432,am
NA,URM-2-333,5,3176.0977000000003,0.11291115758962414,am
NA,URM-2-333,7,203110.8927,0.6455774434843017,am
NA,URM-2-3412,1,15850.7283,0.9039792891150632,am
NA,URM-2-3412,2,31198.594100000002,0.6800400246001614,am
NA,URM-2-3412,3,17130.5106,0.845082992199416,am
NA,URM-2-3412,4,12115.3598,0.8856705955304693,am
NA,URM-2-3412,5,16981.229900000002,0.6036874512092425,am
NA,URM-2-3412,6,8158.171,1,am
NA,URM-2-3412,7,2383.6401,0.007576276493538671,am
NA,URM-2-3412,8,1825.1406000000002,0.572562844205323,am
NA,URM-2-3436,1,17225.6878,0.9823942923784781,am
NA,URM-2-3436,2,38559.7863,0.8404929382388089,am
NA,URM-2-3436,3,18966.897100000002,0.935675679976896,am
NA,URM-2-3436,4,11199.3107,0.8187045486837096,am
NA,URM-2-3436,5,17429.9379,0.6196391455477779,am
NA,URM-2-3436,6,3009.5861,0.36890451303361993,am
NA,URM-2-3436,7,4274.2657,0.01358553195595619,am
NA,URM-2-3436,8,3169.1740000000004,0.9941980794364884,am
NA,URM-2-3504,1,11702.761900000001,0.6674175585386096,am
NA,URM-2-3504,2,39659.5662,0.8644649912054765,am
NA,URM-2-3504,3,17299.191300000002,0.8534043548260671,am
NA,URM-2-3504,4,10715.4259,0.7833310603136703,am
NA,URM-2-3504,5,21930.3053,0.7796284597028831,am
NA,URM-2-3504,6,6480.0645,0.7943035883900939,am
NA,URM-2-3504,7,314618.9427,1,am
NA,URM-2-3504,8,3113.0440000000003,0.9765895990568154,am
NA,URM-2-3509,1,17516.7743,0.9989951805118639,am
NA,URM-2-3509,2,40057.8489,0.8731464137156599,am
NA,URM-2-3509,3,20005.025,0.986888644523189,am
NA,URM-2-3509,4,12115.3598,0.8856705955304693,am
NA,URM-2-3509,5,24453.7747,0.8693384995092764,am
NA,URM-2-3509,6,7860.243100000001,0.9634810425032768,am
NA,URM-2-3509,7,6053.3460000000005,0.019240246464663997,am
NA,URM-2-3509,8,3187.6686000000004,1,am
NA,URM-2-351,1,15781.1419,0.9000107229259579,am
NA,URM-2-351,2,31198.594100000002,0.6800400246001614,am
NA,URM-2-351,3,11695.5692,0.5769662589631934,am
NA,URM-2-351,4,11767.1012,0.8602118054695578,am
NA,URM-2-351,5,7707.9092,0.27401831825504414,am
NA,URM-2-351,6,4429.3197,0.5429304803736034,am
NA,URM-2-351,7,2363.668,0.007512796209012243,am
NA,URM-2-351,8,1825.1406000000002,0.572562844205323,am
NA,URM-2-3514,1,15850.7283,0.9039792891150632,am
NA,URM-2-3514,2,31198.594100000002,0.6800400246001614,am
NA,URM-2-3514,3,17130.5106,0.845082992199416,am
NA,URM-2-3514,4,12115.3598,0.8856705955304693,am
NA,URM-2-3514,5,16981.229900000002,0.6036874512092425,am
NA,URM-2-3514,6,4631.0917,0.5676629847547937,am
NA,URM-2-3514,7,2383.6401,0.007576276493538671,am
NA,URM-2-3514,8,1825.1406000000002,0.572562844205323,am
NA,URM-2-3547,7,149082.4443,0.47385082099826153,am
NA,URM-2-3552,2,8590.4171,0.18724649698268445,am
NA,URM-2-3552,7,272027.0449,0.8646238607425083,am
NA,URM-2-3557,1,13631.3857,0.7774084648677776,am
NA,URM-2-3557,2,31198.594100000002,0.6800400246001614,am
NA,URM-2-3557,3,16743.5566,0.825993762940626,am
NA,URM-2-3557,4,7242.333,0.5294371349285039,am
NA,URM-2-3557,5,4035.0833000000002,0.14344833484611025,am
NA,URM-2-3557,7,2383.6401,0.007576276493538671,am
NA,URM-2-3557,8,1825.1406000000002,0.572562844205323,am
NA,URM-2-3561,1,17079.4662,0.9740551614868542,am
NA,URM-2-3561,2,40057.8489,0.8731464137156599,am
NA,URM-2-3561,3,19494.9442,0.9617253193431753,am
NA,URM-2-3561,4,11199.3107,0.8187045486837096,am
NA,URM-2-3561,5,22097.3861,0.7855682286649652,am
NA,URM-2-3561,6,7213.7733,0.88423904083403,am
NA,URM-2-3561,7,4203.886,0.013361833727883798,am
NA,URM-2-3561,8,3169.1740000000004,0.9941980794364884,am
NA,URM-2-3648,1,16366.2021,0.9333771584408178,am
NA,URM-2-3648,2,40008.2465,0.8720652234156064,am
NA,URM-2-3648,3,19552.9873,0.9645887037319938,am
NA,URM-2-3648,4,11199.3107,0.8187045486837096,am
NA,URM-2-3648,5,24135.4661,0.8580225401492313,am
NA,URM-2-3648,6,6083.8501,0.7457370162993642,am
NA,URM-2-3648,7,4994.0194,0.015873231780458845,am
NA,URM-2-3648,8,3169.1740000000004,0.9941980794364884,am
NA,URM-2-37,1,8588.5318,0.4898106083306036,am
NA,URM-2-37,2,35856.219900000004,0.781562931480454,am
NA,URM-2-37,3,16269.173200000001,0.8025914632379112,am
NA,URM-2-37,4,464.5544,0.0339603758284009,am
NA,URM-2-37,5,3870.1720000000005,0.13758569221310504,am
NA,URM-2-37,7,4215.179,0.013397727942971692,am
NA,URM-2-37,8,2364.4286,0.7417422877647947,am
NA,URM-2-3711,2,13734.8875,0.29938122222566593,am
NA,URM-2-3711,3,2013.7731,0.09934353018985281,am
NA,URM-2-3711,4,1583.5043,0.1157591041089889,am
NA,URM-2-3711,5,9583.6522,0.34070150418809475,am
NA,URM-2-3711,7,314559.856,0.9998121959870154,am
NA,URM-2-3747,1,15850.7283,0.9039792891150632,am
NA,URM-2-3747,2,31198.594100000002,0.6800400246001614,am
NA,URM-2-3747,3,17130.5106,0.845082992199416,am
NA,URM-2-3747,4,12115.3598,0.8856705955304693,am
NA,URM-2-3747,5,12237.7971,0.4350570944048558,am
NA,URM-2-3747,6,3743.2949,0.4588399654775562,am
NA,URM-2-3747,7,2383.6401,0.007576276493538671,am
NA,URM-2-3747,8,1825.1406000000002,0.572562844205323,am
NA,URM-2-3770,1,5490.2861,0.31311526081210495,am
NA,URM-2-3770,2,37050.1747,0.8075877276286715,am
NA,URM-2-3770,3,8001.773,0.39474376611637585,am
NA,URM-2-3770,4,9902.0201,0.7238685588951042,am
NA,URM-2-3770,5,21682.2413,0.7708097154317882,am
NA,URM-2-3770,7,302627.2633,0.9618850686576921,am
NA,URM-2-3770,8,113.544,0.03561976298288975,am
NA,URM-2-3773,1,15850.7283,0.9039792891150632,am
NA,URM-2-3773,2,31198.594100000002,0.6800400246001614,am
NA,URM-2-3773,3,13609.229200000002,0.6713710059444267,am
NA,URM-2-3773,4,10900.337,0.7968486385582053,am
NA,URM-2-3773,5,2629.6238000000003,0.09348385828409066,am
NA,URM-2-3773,7,2363.668,0.007512796209012243,am
NA,URM-2-3773,8,1825.1406000000002,0.572562844205323,am
NA,URM-2-3830,2,8526.0824,0.18584418472366365,am
NA,URM-2-3830,3,586.0902,0.02891302375509777,am
NA,URM-2-3830,4,1563.947,0.11432940446953056,am
NA,URM-2-3830,5,8405.5757,0.29882055658873946,am
NA,URM-2-3830,7,22145.8798,0.07038953093525858,am
NA,URM-2-3855,1,15499.6093,0.8839547010956729,am
NA,URM-2-3855,2,27777.0633,0.6054604495736633,am
NA,URM-2-3855,3,7658.041700000001,0.37778680071707277,am
NA,URM-2-3855,4,10915.8024,0.7979792075428851,am
NA,URM-2-3855,5,11274.712800000001,0.4008191793780627,am
NA,URM-2-3855,6,4429.3197,0.5429304803736034,am
NA,URM-2-3855,7,2363.668,0.007512796209012243,am
NA,URM-2-3855,8,992.4846,0.31135124899746475,am
NA,URM-2-3862,1,15588.7883,0.8890406484097778,am
NA,URM-2-3862,2,29589.5341,0.6449671236073844,am
NA,URM-2-3862,3,8717.7857,0.43006613152028755,am
NA,URM-2-3862,4,10915.8024,0.7979792075428851,am
NA,URM-2-3862,5,12965.912,0.4609417818366226,am
NA,URM-2-3862,6,7028.2478,0.861497975465334,am
NA,URM-2-3862,7,2363.668,0.007512796209012243,am
NA,URM-2-3862,8,1825.1406000000002,0.572562844205323,am
NA,URM-2-3872,1,17516.7743,0.9989951805118639,am
NA,URM-2-3872,2,38559.7863,0.8404929382388089,am
NA,URM-2-3872,3,19476.9779,0.9608390051569098,am
NA,URM-2-3872,4,12115.3598,0.8856705955304693,am
NA,URM-2-3872,5,22415.6947,0.7968841880250103,am
NA,URM-2-3872,6,7880.0085,0.9659038159410975,am
NA,URM-2-3872,7,4274.2657,0.01358553195595619,am
NA,URM-2-3872,8,3187.6686000000004,1,am
NA,URM-2-4042,1,10786.9822,0.6151899342601715,am
NA,URM-2-4042,2,22068.3404,0.48102663537972484,am
NA,URM-2-4042,3,16771.5966,0.8273770332735763,am
NA,URM-2-4042,4,11296.0492,0.8257764348117406,am
NA,URM-2-4042,5,16386.7715,0.5825542895678749,am
NA,URM-2-4042,6,6730.3199,0.8249790179686108,am
NA,URM-2-4042,7,2383.6401,0.007576276493538671,am
NA,URM-2-4042,8,1825.1406000000002,0.572562844205323,am
NA,URM-2-4049,1,17516.7743,0.9989951805118639,am
NA,URM-2-4049,2,42972.212400000004,0.9366711937067498,am
NA,URM-2-4049,3,20063.0681,0.9897520289120075,am
NA,URM-2-4049,4,12115.3598,0.8856705955304693,am
NA,URM-2-4049,5,24453.7747,0.8693384995092764,am
NA,URM-2-4049,6,7860.243100000001,0.9634810425032768,am
NA,URM-2-4049,7,6966.9762,0.022144172694151004,am
NA,URM-2-4049,8,3187.6686000000004,1,am
NA,URM-2-4053,1,15482.6478,0.8829873736377715,am
NA,URM-2-4053,2,29589.5341,0.6449671236073844,am
NA,URM-2-4053,3,8358.8717,0.4123601725944479,am
NA,URM-2-4053,4,10096.4918,0.7380850468241563,am
NA,URM-2-4053,5,12886.0236,0.45810172697244667,am
NA,URM-2-4053,6,4631.0917,0.5676629847547937,am
NA,URM-2-4053,7,2363.668,0.007512796209012243,am
NA,URM-2-4053,8,1825.1406000000002,0.572562844205323,am
NA,URM-2-4064,1,75.69600000000001,0.004317001400424852,am
NA,URM-2-4064,2,24062.8887,0.5245020775951871,am
NA,URM-2-4064,3,58.043099999999995,0.002863384388818505,am
NA,URM-2-4064,4,39.9442,0.002920045626873432,am
NA,URM-2-4064,5,7066.6297,0.2512206534717803,am
NA,URM-2-4064,7,310673.2386,0.9874587840575055,am
NA,URM-2-4064,8,113.544,0.03561976298288975,am
NA,URM-2-4065,1,17516.7743,0.9989951805118639,am
NA,URM-2-4065,2,40057.8489,0.8731464137156599,am
NA,URM-2-4065,3,20005.025,0.986888644523189,am
NA,URM-2-4065,4,12115.3598,0.8856705955304693,am
NA,URM-2-4065,5,22415.6947,0.7968841880250103,am
NA,URM-2-4065,6,6730.3199,0.8249790179686108,am
NA,URM-2-4065,7,4203.886,0.013361833727883798,am
NA,URM-2-4065,8,3187.6686000000004,1,am
NA,URM-2-4081,1,17225.6878,0.9823942923784781,am
NA,URM-2-4081,2,45877.585100000004,0.9999999999999999,am
NA,URM-2-4081,3,19552.9873,0.9645887037319938,am
NA,URM-2-4081,4,12859.9962,0.9401058392812711,am
NA,URM-2-4081,5,27474.1849,0.976714923124176,am
NA,URM-2-4081,6,4631.0917,0.5676629847547937,am
NA,URM-2-4081,7,314618.9427,1,am
NA,URM-2-4081,8,3169.1740000000004,0.9941980794364884,am
NA,URM-2-4084,7,167118.7024,0.531178132396667,am
NA,URM-2-41,1,15559.641800000001,0.8873784009816774,am
NA,URM-2-41,2,31198.594100000002,0.6800400246001614,am
NA,URM-2-41,3,9271.8284,0.45739818680194644,am
NA,URM-2-41,4,10947.7906,0.800317644750829,am
NA,URM-2-41,5,4819.4074,0.17133127498880174,am
NA,URM-2-41,6,118.5924,0.014536640626924833,am
NA,URM-2-41,7,2363.668,0.007512796209012243,am
NA,URM-2-41,8,1806.6460000000002,0.5667609236418114,am
NA,URM-2-4175,5,2038.08,0.0724543114842661,am
NA,URM-2-4194,1,17181.5881,0.979879252394089,am
NA,URM-2-4194,2,37241.4428,0.8117568245761915,am
NA,URM-2-4194,3,19476.9779,0.9608390051569098,am
NA,URM-2-4194,4,12115.3598,0.8856705955304693,am
NA,URM-2-4194,5,20048.6727,0.7127358968499286,am
NA,URM-2-4194,6,7860.243100000001,0.9634810425032768,am
NA,URM-2-4194,7,4233.1001,0.01345468923031887,am
NA,URM-2-4194,8,3187.6686000000004,1,am
NA,URM-2-4198,5,6842.4409000000005,0.243250679208511,am
NA,URM-2-4198,7,16854.9011,0.05357242941367243,am
NA,URM-2-4199,1,17516.7743,0.9989951805118639,am
NA,URM-2-4199,2,38559.7863,0.8404929382388089,am
NA,URM-2-4199,3,19476.9779,0.9608390051569098,am
NA,URM-2-4199,4,11841.5576,0.8656548005780527,am
NA,URM-2-4199,5,14269.190100000002,0.5072736811771894,am
NA,URM-2-4199,6,118.5924,0.014536640626924833,am
NA,URM-2-4199,7,4274.2657,0.01358553195595619,am
NA,URM-2-4199,8,3187.6686000000004,1,am
NA,URM-2-4201,1,17447.1879,0.9950266143227584,am
NA,URM-2-4201,2,37241.4428,0.8117568245761915,am
NA,URM-2-4201,3,19476.9779,0.9608390051569098,am
NA,URM-2-4201,4,12115.3598,0.8856705955304693,am
NA,URM-2-4201,5,20048.6727,0.7127358968499286,am
NA,URM-2-4201,6,5116.1439,0.6271189829190881,am
NA,URM-2-4201,7,4233.1001,0.01345468923031887,am
NA,URM-2-4201,8,3187.6686000000004,1,am
NA,URM-2-4206,1,17516.7743,0.9989951805118639,am
NA,URM-2-4206,2,38559.7863,0.8404929382388089,am
NA,URM-2-4206,3,19476.9779,0.9608390051569098,am
NA,URM-2-4206,4,12115.3598,0.8856705955304693,am
NA,URM-2-4206,5,22415.6947,0.7968841880250103,am
NA,URM-2-4206,6,5116.1439,0.6271189829190881,am
NA,URM-2-4206,7,4274.2657,0.01358553195595619,am
NA,URM-2-4206,8,3187.6686000000004,1,am
NA,URM-2-4214,1,17429.1284,0.9939966670759954,am
NA,URM-2-4214,2,37241.4428,0.8117568245761915,am
NA,URM-2-4214,3,19476.9779,0.9608390051569098,am
NA,URM-2-4214,4,11190.5525,0.8180642969422982,am
NA,URM-2-4214,5,10226.9545,0.3635710800745883,am
NA,URM-2-4214,7,2383.6401,0.007576276493538671,am
NA,URM-2-4214,8,3187.6686000000004,1,am
NA,URM-2-433,2,13734.8875,0.29938122222566593,am
NA,URM-2-433,3,2013.7731,0.09934353018985281,am
NA,URM-2-433,4,1583.5043,0.1157591041089889,am
NA,URM-2-433,5,9583.6522,0.34070150418809475,am
NA,URM-2-433,7,314559.856,0.9998121959870154,am
NA,URM-2-437,1,12368.1183,0.7053633484162999,am
NA,URM-2-437,2,24946.9593,0.5437722854335678,am
NA,URM-2-437,3,6230.3588,0.3073562942823177,am
NA,URM-2-437,4,10896.2451,0.7965495079034267,am
NA,URM-2-437,5,10760.1428,0.38252607260087107,am
NA,URM-2-437,6,4429.3197,0.5429304803736034,am
NA,URM-2-437,7,458.20640000000003,0.0014563852896706084,am
NA,URM-2-437,8,992.4846,0.31135124899746475,am
NA,URM-2-547,1,17481.3182,0.9969730917178246,am
NA,URM-2-547,2,38559.7863,0.8404929382388089,am
NA,URM-2-547,3,19476.9779,0.9608390051569098,am
NA,URM-2-547,4,11248.5956,0.8223074286191169,am
NA,URM-2-547,5,11647.1677,0.41406005477963737,am
NA,URM-2-547,7,4274.2657,0.01358553195595619,am
NA,URM-2-547,8,3187.6686000000004,1,am
NA,URM-2-587,2,13724.7898,0.2991611212770656,am
NA,URM-2-587,4,39.9442,0.002920045626873432,am
NA,URM-2-587,5,3176.0977000000003,0.11291115758962414,am
NA,URM-2-587,7,306065.5355,0.9728134386105417,am
NA,URM-2-588,2,184.50619999999998,0.004021706887967823,am
NA,URM-2-588,7,245954.8283,0.7817546718238335,am
NA,URM-2-6,1,5490.2861,0.31311526081210495,am
NA,URM-2-6,2,34144.802,0.7442589213354214,am
NA,URM-2-6,3,16134.3773,0.7959417068372926,am
NA,URM-2-6,4,12723.3135,0.9301139075263667,am
NA,URM-2-6,5,22606.888,0.8036811630759919,am
NA,URM-2-6,6,4429.3197,0.5429304803736034,am
NA,URM-2-6,7,8917.420900000001,0.028343560064986513,am
NA,URM-2-6,8,113.544,0.03561976298288975,am
NA,URM-2-602,2,13724.7898,0.2991611212770656,am
NA,URM-2-602,4,39.9442,0.002920045626873432,am
NA,URM-2-602,5,3176.0977000000003,0.11291115758962414,am
NA,URM-2-602,7,306065.5355,0.9728134386105417,am
NA,URM-2-609,1,14543.9071,0.8294502657782306,am
NA,URM-2-609,2,44415.3691,0.9681278777683526,am
NA,URM-2-609,3,19552.9873,0.9645887037319938,am
NA,URM-2-609,4,11952.8763,0.8737925448093612,am
NA,URM-2-609,5,19804.7817,0.7040655038907664,am
NA,URM-2-609,7,314618.9427,1,am
NA,URM-2-609,8,3169.1740000000004,0.9941980794364884,am
NA,URM-2-614,2,5626.1744,0.12263449324406571,am
NA,URM-2-614,7,2708.1859,0.008607828494873395,am
NA,URM-2-615,2,184.50619999999998,0.004021706887967823,am
NA,URM-2-615,7,244041.1683,0.7756722027150846,am
NA,URM-2-620,2,7398.7164,0.1612708337606026,am
NA,URM-2-620,5,1650.8447999999999,0.05868799230225554,am
NA,URM-2-620,7,208347.5165,0.6622217807739139,am
NA,URM-2-627,2,8084.7511,0.17622442598880383,am
NA,URM-2-627,7,90879.6529,0.28885626567837297,am
NA,URM-2-63,1,17516.7743,0.9989951805118639,am
NA,URM-2-63,2,38559.7863,0.8404929382388089,am
NA,URM-2-63,3,19476.9779,0.9608390051569098,am
NA,URM-2-63,4,12115.3598,0.8856705955304693,am
NA,URM-2-63,5,22415.6947,0.7968841880250103,am
NA,URM-2-63,6,8158.171,1,am
NA,URM-2-63,7,4274.2657,0.01358553195595619,am
NA,URM-2-63,8,3187.6686000000004,1,am
NA,URM-2-630,2,16638.658,0.362675105146282,am
NA,URM-2-630,4,39.9442,0.002920045626873432,am
NA,URM-2-630,5,5028.5497000000005,0.17876634198751418,am
NA,URM-2-630,7,293392.1029,0.9325315900630925,am
NA,URM-2-646,1,11977.8753,0.6831074884302241,am
NA,URM-2-646,2,37596.4317,0.8194945662037473,am
NA,URM-2-646,3,16269.173200000001,0.8025914632379112,am
NA,URM-2-646,4,599.9883,0.04386101640764428,am
NA,URM-2-646,5,3870.1720000000005,0.13758569221310504,am
NA,URM-2-646,7,4215.179,0.013397727942971692,am
NA,URM-2-646,8,2364.4286,0.7417422877647947,am
NA,URM-2-687,7,43568.1533,0.1384791167566275,am
NA,URM-2-696,2,369.89200000000005,0.008062586537494103,am
NA,URM-2-696,7,38777.248,0.12325147261388975,am
NA,URM-2-738,1,14146.7798,0.8068017888409162,am
NA,URM-2-738,2,37596.4317,0.8194945662037473,am
NA,URM-2-738,3,16269.173200000001,0.8025914632379112,am
NA,URM-2-738,4,3397.5187,0.24836921560966818,am
NA,URM-2-738,5,3889.9374000000003,0.13828835768659534,am
NA,URM-2-738,7,4215.179,0.013397727942971692,am
NA,URM-2-738,8,2588.9486,0.812176209283487,am
NA,URM-2-788,1,17225.6878,0.9823942923784781,am
NA,URM-2-788,2,44656.6084,0.9733862037999903,am
NA,URM-2-788,3,19552.9873,0.9645887037319938,am
NA,URM-2-788,4,12820.052,0.9371857936543977,am
NA,URM-2-788,5,25740.8084,0.9150929059067424,am
NA,URM-2-788,6,7860.243100000001,0.9634810425032768,am
NA,URM-2-788,7,27671.4312,0.08795220962389942,am
NA,URM-2-788,8,3169.1740000000004,0.9941980794364884,am
NA,URM-2-853,1,11774.4347,0.6715051137327067,am
NA,URM-2-853,2,39094.4943,0.8521480416805983,am
NA,URM-2-853,3,16646.0535,0.8211837363500164,am
NA,URM-2-853,4,464.5544,0.0339603758284009,am
NA,URM-2-853,5,3870.1720000000005,0.13758569221310504,am
NA,URM-2-853,7,5994.2593,0.0190524424516795,am
NA,URM-2-853,8,2345.934,0.7359403672012831,am
NA,URM-2-964,1,4320.339300000001,0.24639229032459473,am
NA,URM-2-964,2,24413.5807,0.5321461591054844,am
NA,URM-2-964,3,8487.764500000001,0.41871871704419483,am
NA,URM-2-964,4,116.2958,0.00850158576748933,am
NA,URM-2-964,7,2324.5534000000002,0.007388472480554172,am
NA,URM-2-964,8,1001.9006,0.3143051319701176,am
NA,URM-2-973,1,15798.5385,0.9010028644732342,am
NA,URM-2-973,2,31198.594100000002,0.6800400246001614,am
NA,URM-2-973,3,11695.5692,0.5769662589631934,am
NA,URM-2-973,4,11767.1012,0.8602118054695578,am
NA,URM-2-973,5,12965.912,0.4609417818366226,am
NA,URM-2-973,6,4916.4229000000005,0.6026378829274356,am
NA,URM-2-973,7,2363.668,0.007512796209012243,am
NA,URM-2-973,8,1825.1406000000002,0.572562844205323,am
NA,URM-2-988,1,15781.1419,0.9000107229259579,am
NA,URM-2-988,2,31198.594100000002,0.6800400246001614,am
NA,URM-2-988,3,17130.5106,0.845082992199416,am
NA,URM-2-988,4,11841.5576,0.8656548005780527,am
NA,URM-2-988,5,8834.7253,0.3140769443614217,am
NA,URM-2-988,6,118.5924,0.014536640626924833,am
NA,URM-2-988,7,2383.6401,0.007576276493538671,am
NA,URM-2-988,8,1825.1406000000002,0.572562844205323,am
NA,URM-Cn-10097,2,16468.1652,0.358958850255612,am
NA,URM-Cn-10097,3,3348.7644,0.1652013711326784,am
NA,URM-Cn-10097,4,1543.5601,0.11283905848211548,am
NA,URM-Cn-10097,5,6407.5545,0.2277903465984706,am
NA,URM-Cn-10097,7,12221.431,0.03884518489293111,am
NA,URM-Cn-10098,1,1609.06,0.09176593576103904,am
NA,URM-Cn-10098,2,20131.2352,0.438803288275084,am
NA,URM-Cn-10098,3,5283.5344,0.26064751742662856,am
NA,URM-Cn-10098,4,1583.5043,0.1157591041089889,am
NA,URM-Cn-10098,5,9359.4634,0.33273152992482546,am
NA,URM-Cn-10098,7,52825.6881,0.1679037112217719,am
NA,URM-Cn-10098,8,224.51999999999998,0.07043392151869236,am
NA,URM-Cn-10258,2,18152.5612,0.39567386034885255,am
NA,URM-Cn-10258,3,3387.879,0.16713097404869912,am
NA,URM-Cn-10258,4,5338.5127999999995,0.3902619392965146,am
NA,URM-Cn-10258,5,10485.5463,0.37276409056705034,am
NA,URM-Cn-10258,7,36177.493800000004,0.11498828865653041,am
NA,URM-Cn-10261,1,17441.0783,0.994678179111439,am
NA,URM-Cn-10261,2,33024.8441,0.7198470457417341,am
NA,URM-Cn-10261,3,18141.9866,0.8949811642140841,am
NA,URM-Cn-10261,4,12115.3598,0.8856705955304693,am
NA,URM-Cn-10261,5,13679.805100000001,0.48632088031846255,am
NA,URM-Cn-10261,6,3009.5861,0.36890451303361993,am
NA,URM-Cn-10261,7,2383.6401,0.007576276493538671,am
NA,URM-Cn-10261,8,3074.1246,0.9643802370171103,am
NA,URM-Cn-10268,2,20622.5219,0.4495119316992995,am
NA,URM-Cn-10268,3,1393.0344,0.06872122533164411,am
NA,URM-Cn-10268,4,1563.947,0.11432940446953056,am
NA,URM-Cn-10268,5,7565.9322,0.26897099637287974,am
NA,URM-Cn-10268,7,312623.6833,0.993658171428341,am
NA,URM-Cn-10281,2,3606.7493,0.07861680801503215,am
NA,URM-Cn-10281,5,2023.7577000000001,0.07194514973135596,am
NA,URM-Cn-10281,7,38786.2796,0.12328017908630522,am
NA,URM-Cn-10292,1,15260.7126,0.8703302376041162,am
NA,URM-Cn-10292,2,27777.0633,0.6054604495736633,am
NA,URM-Cn-10292,3,7147.9609,0.35262347553705903,am
NA,URM-Cn-10292,4,10096.4918,0.7380850468241563,am
NA,URM-Cn-10292,5,12825.492,0.4559498117379902,am
NA,URM-Cn-10292,6,7860.243100000001,0.9634810425032768,am
NA,URM-Cn-10292,7,2363.668,0.007512796209012243,am
NA,URM-Cn-10292,8,973.99,0.3055493284339532,am
NA,URM-Cn-4415,1,15570.7288,0.8880107011630148,am
NA,URM-Cn-4415,2,29589.5341,0.6449671236073844,am
NA,URM-Cn-4415,3,8330.8317,0.4109769022614975,am
NA,URM-Cn-4415,4,8002.455,0.5850044243469997,am
NA,URM-Cn-4415,5,652.2582,0.023187960625179943,am
NA,URM-Cn-4415,7,2363.668,0.007512796209012243,am
NA,URM-Cn-4415,8,1825.1406000000002,0.572562844205323,am
NA,URM-Cn-4450,1,12520.4293,0.7140497624976266,am
NA,URM-Cn-4450,2,8603.093700000001,0.18752281056746378,am
NA,URM-Cn-4450,3,9394.9552,0.46347228272317015,am
NA,URM-Cn-4450,4,6894.0743999999995,0.5039783448675923,am
NA,URM-Cn-4450,5,197.654,0.007026654734903013,am
NA,URM-Cn-4450,7,547.6044,0.001740532198412985,am
NA,URM-Cn-4450,8,1825.1406000000002,0.572562844205323,am
63573,URM-Cn-5082,7,1849.46,0.0058784127367802,am
NA,URM-Cn-5097,2,5282.9973,0.115154215037356,am
NA,URM-Cn-5097,3,1427.6829,0.07043050643475504,am
NA,URM-Cn-5097,4,19.5573,0.0014296996394583387,am
NA,URM-Cn-5097,7,1905.4616,0.006056410919341634,am
NA,URM-Cn-5100,1,12268.0822,0.6996582122955928,am
NA,URM-Cn-5100,2,33186.0985,0.7233619299634845,am
NA,URM-Cn-5100,3,17631.9058,0.8698178390340704,am
NA,URM-Cn-5100,4,11296.0492,0.8257764348117406,am
NA,URM-Cn-5100,5,18257.407900000002,0.6490559344490406,am
NA,URM-Cn-5100,6,4631.0917,0.5676629847547937,am
NA,URM-Cn-5100,7,2383.6401,0.007576276493538671,am
NA,URM-Cn-5100,8,3169.1740000000004,0.9941980794364884,am
NA,URM-Cn-5160,1,9946.8143,0.5672745093910635,am
NA,URM-Cn-5160,2,37447.5787,0.8162499969947197,am
NA,URM-Cn-5160,3,19552.9873,0.9645887037319938,am
NA,URM-Cn-5160,4,12859.9962,0.9401058392812711,am
NA,URM-Cn-5160,5,27474.1849,0.976714923124176,am
NA,URM-Cn-5160,6,4631.0917,0.5676629847547937,am
NA,URM-Cn-5160,7,169107.6444,0.5374998814399105,am
NA,URM-Cn-5160,8,3169.1740000000004,0.9941980794364884,am
NA,URM-Cn-5177,1,17079.4662,0.9740551614868542,am
NA,URM-Cn-5177,2,45877.585100000004,0.9999999999999999,am
NA,URM-Cn-5177,3,19552.9873,0.9645887037319938,am
NA,URM-Cn-5177,4,12763.2577,0.9330339531532401,am
NA,URM-Cn-5177,5,27988.7549,0.9950080299013676,am
NA,URM-Cn-5177,6,7213.7733,0.88423904083403,am
NA,URM-Cn-5177,7,310728.4427,0.9876342474276582,am
NA,URM-Cn-5177,8,3169.1740000000004,0.9941980794364884,am
NA,URM-Cn-5206,1,15559.641800000001,0.8873784009816774,am
NA,URM-Cn-5206,2,31198.594100000002,0.6800400246001614,am
NA,URM-Cn-5206,3,13099.1484,0.6462076807644129,am
NA,URM-Cn-5206,4,10947.7906,0.800317644750829,am
NA,URM-Cn-5206,5,10660.0772,0.378968712658543,am
NA,URM-Cn-5206,6,4631.0917,0.5676629847547937,am
NA,URM-Cn-5206,7,2363.668,0.007512796209012243,am
NA,URM-Cn-5206,8,1806.6460000000002,0.5667609236418114,am
NA,URM-Cn-5333,1,15850.7283,0.9039792891150632,am
NA,URM-Cn-5333,2,31198.594100000002,0.6800400246001614,am
NA,URM-Cn-5333,3,13609.229200000002,0.6713710059444267,am
NA,URM-Cn-5333,4,11767.1012,0.8602118054695578,am
NA,URM-Cn-5333,5,12965.912,0.4609417818366226,am
NA,URM-Cn-5333,6,8158.171,1,am
NA,URM-Cn-5333,7,2363.668,0.007512796209012243,am
NA,URM-Cn-5333,8,1825.1406000000002,0.572562844205323,am
NA,URM-Cn-5671,2,11960.5006,0.2607046681713855,am
NA,URM-Cn-5671,5,3176.0977000000003,0.11291115758962414,am
NA,URM-Cn-5671,7,302347.629,0.9609962655309628,am
NA,URM-Cn-5912,2,18446.8392,0.4020882781818435,am
NA,URM-Cn-5912,3,3855.8514999999998,0.19021701099187355,am
NA,URM-Cn-5912,5,5908.252,0.21004000369737114,am
NA,URM-Cn-5912,7,6399.3997,0.020340160211211593,am
NA,URM-Cn-6244,1,15850.7283,0.9039792891150632,am
NA,URM-Cn-6244,2,31198.594100000002,0.6800400246001614,am
NA,URM-Cn-6244,3,13609.229200000002,0.6713710059444267,am
NA,URM-Cn-6244,4,10900.337,0.7968486385582053,am
NA,URM-Cn-6244,5,2629.6238000000003,0.09348385828409066,am
NA,URM-Cn-6244,7,2363.668,0.007512796209012243,am
NA,URM-Cn-6244,8,1825.1406000000002,0.572562844205323,am
NA,URM-Cn-6268,1,12520.4293,0.7140497624976266,am
NA,URM-Cn-6268,2,8603.093700000001,0.18752281056746378,am
NA,URM-Cn-6268,3,9394.9552,0.46347228272317015,am
NA,URM-Cn-6268,4,6894.0743999999995,0.5039783448675923,am
NA,URM-Cn-6268,5,197.654,0.007026654734903013,am
NA,URM-Cn-6268,7,547.6044,0.001740532198412985,am
NA,URM-Cn-6268,8,1825.1406000000002,0.572562844205323,am
NA,URM-M-1439,2,6816.2949,0.14857571263052377,am
NA,URM-M-1439,5,2023.7577000000001,0.07194514973135596,am
NA,URM-M-1439,7,81341.9557,0.25854118954802524,am
NA,URM-M-1442,2,1548.622,0.033755525636853974,am
NA,URM-M-1442,5,576.3184000000001,0.02048827959045468,am
NA,URM-M-1442,7,25618.8596,0.08142821719551853,am
NA,W-Ase-123915,1,15093.991100000001,0.8608219815670609,am
NA,W-Ase-123915,2,45284.9137,0.9870814603970948,am
NA,W-Ase-123915,3,19166.0333,0.9454994744732038,am
NA,W-Ase-123915,4,8670.8461,0.633865898818791,am
NA,W-Ase-123915,5,14526.6007,0.5164246996807574,am
NA,W-Ase-123915,7,89769.232,0.28532685041026934,am
NA,W-Ase-123915,8,3169.1740000000004,0.9941980794364884,am
NA,W-Ase-123935,2,10946.1188,0.23859404927571046,am
NA,W-Ase-123935,4,39.9442,0.002920045626873432,am
NA,W-Ase-123935,5,5028.5497000000005,0.17876634198751418,am
NA,W-Ase-123935,7,310266.93690000003,0.9861673751661234,am
NA,W-Ase-123974,1,17410.6338,0.9929419057398575,am
NA,W-Ase-123974,2,45877.585100000004,0.9999999999999999,am
NA,W-Ase-123974,3,19704.1541,0.9720460699861678,am
NA,W-Ase-123974,4,12859.9962,0.9401058392812711,am
NA,W-Ase-123974,5,27988.7549,0.9950080299013676,am
NA,W-Ase-123974,6,7860.243100000001,0.9634810425032768,am
NA,W-Ase-123974,7,88546.0682,0.28143908767893777,am
NA,W-Ase-123974,8,3187.6686000000004,1,am
NA,W-Ase-124147,1,17225.6878,0.9823942923784781,am
NA,W-Ase-124147,2,44656.6084,0.9733862037999903,am
NA,W-Ase-124147,3,19552.9873,0.9645887037319938,am
NA,W-Ase-124147,4,12820.052,0.9371857936543977,am
NA,W-Ase-124147,5,24812.6572,0.8820968723117435,am
NA,W-Ase-124147,6,4631.0917,0.5676629847547937,am
NA,W-Ase-124147,7,19240.3172,0.06115435083114593,am
NA,W-Ase-124147,8,3169.1740000000004,0.9941980794364884,am
NA,W-Ase-124154,1,17516.7743,0.9989951805118639,am
NA,W-Ase-124154,2,44656.6084,0.9733862037999903,am
NA,W-Ase-124154,3,20063.0681,0.9897520289120075,am
NA,W-Ase-124154,4,13639.3626,0.9970799543731266,am
NA,W-Ase-124154,5,25801.34,0.9172448211411989,am
NA,W-Ase-124154,6,7860.243100000001,0.9634810425032768,am
NA,W-Ase-124154,7,27671.4312,0.08795220962389942,am
NA,W-Ase-124154,8,3187.6686000000004,1,am
NA,W-Ase-124160,1,17516.7743,0.9989951805118639,am
NA,W-Ase-124160,2,42972.212400000004,0.9366711937067498,am
NA,W-Ase-124160,3,20063.0681,0.9897520289120075,am
NA,W-Ase-124160,4,12115.3598,0.8856705955304693,am
NA,W-Ase-124160,5,24453.7747,0.8693384995092764,am
NA,W-Ase-124160,6,5116.1439,0.6271189829190881,am
NA,W-Ase-124160,7,6843.4794,0.021751644517239044,am
NA,W-Ase-124160,8,3187.6686000000004,1,am
NA,W-Ase-178726,2,4675.1291,0.1019044287054246,am
NA,W-Ase-178726,5,800.5072000000001,0.02845825385372395,am
NA,W-Ase-178726,7,129619.9958,0.4119904373450175,am
NA,W-Ase-213245,1,17429.1284,0.9939966670759954,am
NA,W-Ase-213245,2,36641.6641,0.798683366182672,am
NA,W-Ase-213245,3,18141.9866,0.8949811642140841,am
NA,W-Ase-213245,4,11248.5956,0.8223074286191169,am
NA,W-Ase-213245,5,10226.9545,0.3635710800745883,am
NA,W-Ase-213245,7,2383.6401,0.007576276493538671,am
NA,W-Ase-213245,8,3187.6686000000004,1,am
NA,W-Ase-213301,1,280.65,0.01600568646994867,am
NA,W-Ase-213301,2,15794.8675,0.3442828881592549,am
NA,W-Ase-213301,3,10894.217400000001,0.5374339418734513,am
NA,W-Ase-213301,4,6758.6404999999995,0.49407770428834885,am
NA,W-Ase-213301,5,2175.0196,0.07732255239381372,am
NA,W-Ase-213301,7,2363.668,0.007512796209012243,am
NA,W-Ase-213301,8,983.4060000000001,0.3085032114066061,am
NA,W-Ase-213335,1,12268.0822,0.6996582122955928,am
NA,W-Ase-213335,2,36602.2833,0.7978249774964724,am
NA,W-Ase-213335,3,19494.9442,0.9617253193431753,am
NA,W-Ase-213335,4,11296.0492,0.8257764348117406,am
NA,W-Ase-213335,5,22275.2747,0.7918922179263779,am
NA,W-Ase-213335,6,6730.3199,0.8249790179686108,am
NA,W-Ase-213335,7,4203.886,0.013361833727883798,am
NA,W-Ase-213335,8,3169.1740000000004,0.9941980794364884,am
NA,W-Ase-240755,1,15815.272200000001,0.9019572003210239,am
NA,W-Ase-240755,2,31198.594100000002,0.6800400246001614,am
NA,W-Ase-240755,3,16743.5566,0.825993762940626,am
NA,W-Ase-240755,4,9202.0124,0.6726958123345841,am
NA,W-Ase-240755,5,4667.5761,0.1659336299977999,am
NA,W-Ase-240755,7,2383.6401,0.007576276493538671,am
NA,W-Ase-240755,8,1825.1406000000002,0.572562844205323,am
NA,W-Ase-240757,1,15850.7283,0.9039792891150632,am
NA,W-Ase-240757,2,31198.594100000002,0.6800400246001614,am
NA,W-Ase-240757,3,17130.5106,0.845082992199416,am
NA,W-Ase-240757,4,11248.5956,0.8223074286191169,am
NA,W-Ase-240757,5,6644.9417,0.2362295276567106,am
NA,W-Ase-240757,7,2383.6401,0.007576276493538671,am
NA,W-Ase-240757,8,1825.1406000000002,0.572562844205323,am
NA,W-Ase-240758,1,11224.3349,0.6401324968576614,am
NA,W-Ase-240758,2,10069.6877,0.2194903606641667,am
NA,W-Ase-240758,3,14773.7666,0.7288200086916143,am
NA,W-Ase-240758,4,7242.333,0.5294371349285039,am
NA,W-Ase-240758,5,1997.0033,0.07099402336184416,am
NA,W-Ase-240758,7,567.5765,0.001804012482939413,am
NA,W-Ase-240758,8,1825.1406000000002,0.572562844205323,am
NA,W-Ase-240764,1,17516.7743,0.9989951805118639,am
NA,W-Ase-240764,2,42972.212400000004,0.9366711937067498,am
NA,W-Ase-240764,3,20063.0681,0.9897520289120075,am
NA,W-Ase-240764,4,12115.3598,0.8856705955304693,am
NA,W-Ase-240764,5,24453.7747,0.8693384995092764,am
NA,W-Ase-240764,6,4631.0917,0.5676629847547937,am
NA,W-Ase-240764,7,4994.0194,0.015873231780458845,am
NA,W-Ase-240764,8,3187.6686000000004,1,am
NA,W-Ase-240771,1,15815.272200000001,0.9019572003210239,am
NA,W-Ase-240771,2,31198.594100000002,0.6800400246001614,am
NA,W-Ase-240771,3,16743.5566,0.825993762940626,am
NA,W-Ase-240771,4,9202.0124,0.6726958123345841,am
NA,W-Ase-240771,5,4667.5761,0.1659336299977999,am
NA,W-Ase-240771,7,2383.6401,0.007576276493538671,am
NA,W-Ase-240771,8,1825.1406000000002,0.572562844205323,am
NA,W-Ase-242160,1,17225.6878,0.9823942923784781,am
NA,W-Ase-242160,2,42972.212400000004,0.9366711937067498,am
NA,W-Ase-242160,3,19552.9873,0.9645887037319938,am
NA,W-Ase-242160,4,11296.0492,0.8257764348117406,am
NA,W-Ase-242160,5,24313.3547,0.864346529410644,am
NA,W-Ase-242160,6,7860.243100000001,0.9634810425032768,am
NA,W-Ase-242160,7,4994.0194,0.015873231780458845,am
NA,W-Ase-242160,8,3169.1740000000004,0.9941980794364884,am
NA,W-Ase-254775,2,4120.7309000000005,0.08982013527996267,am
NA,W-Ase-254775,5,576.3184000000001,0.02048827959045468,am
NA,W-Ase-254775,7,16965.1625,0.05392288955778758,am
NA,W-Ase-254837,2,4600.2891,0.10027313098483032,am
NA,W-Ase-254837,5,576.3184000000001,0.02048827959045468,am
NA,W-Ase-254837,7,62225.897000000004,0.1977817879177559,am
NA,W-Ase-254842,2,4120.7309000000005,0.08982013527996267,am
NA,W-Ase-254842,7,9142.4982,0.029058956595368408,am
NA,W-Ase-254890,2,4490.6229,0.09788272181745677,am
NA,W-Ase-254890,5,576.3184000000001,0.02048827959045468,am
NA,W-Ase-254890,7,37775.2845,0.12006678356941793,am
NA,W-Ase-255042,2,5282.9973,0.115154215037356,am
NA,W-Ase-255042,3,1427.6829,0.07043050643475504,am
NA,W-Ase-255042,4,1780.3341,0.13014797650418952,am
NA,W-Ase-255042,5,6124.4972,0.21772758076881948,am
NA,W-Ase-255042,7,1905.4616,0.006056410919341634,am
NA,W-Ase-255048,1,17516.7743,0.9989951805118639,am
NA,W-Ase-255048,2,40057.8489,0.8731464137156599,am
NA,W-Ase-255048,3,20005.025,0.986888644523189,am
NA,W-Ase-255048,4,12115.3598,0.8856705955304693,am
NA,W-Ase-255048,5,22415.6947,0.7968841880250103,am
NA,W-Ase-255048,6,8158.171,1,am
NA,W-Ase-255048,7,4203.886,0.013361833727883798,am
NA,W-Ase-255048,8,3187.6686000000004,1,am
NA,W-Ase-255062,1,17225.6878,0.9823942923784781,am
NA,W-Ase-255062,2,42972.212400000004,0.9366711937067498,am
NA,W-Ase-255062,3,19552.9873,0.9645887037319938,am
NA,W-Ase-255062,4,11296.0492,0.8257764348117406,am
NA,W-Ase-255062,5,24313.3547,0.864346529410644,am
NA,W-Ase-255062,6,7860.243100000001,0.9634810425032768,am
NA,W-Ase-255062,7,4994.0194,0.015873231780458845,am
NA,W-Ase-255062,8,3169.1740000000004,0.9941980794364884,am
NA,W-Ase-255116,1,9079.860700000001,0.5178314753429847,am
NA,W-Ase-255116,2,43104.5371,0.9395554932990576,am
NA,W-Ase-255116,3,16704.0966,0.8240471207388349,am
NA,W-Ase-255116,4,1988.5572,0.14536973467105804,am
NA,W-Ase-255116,5,7356.4890000000005,0.26152523229538455,am
NA,W-Ase-255116,7,36118.407100000004,0.1148004846435459,am
NA,W-Ase-255116,8,2345.934,0.7359403672012831,am
NA,W-Ase-255123,1,15525.707600000002,0.8854431073212159,am
NA,W-Ase-255123,2,39401.9492,0.8588496782059263,am
NA,W-Ase-255123,3,14026.8327,0.6919722374881583,am
NA,W-Ase-255123,4,10715.4259,0.7833310603136703,am
NA,W-Ase-255123,5,21645.3813,0.7694993321684668,am
NA,W-Ase-255123,6,3695.6109,0.45299502792966706,am
NA,W-Ase-255123,7,71257.4432,0.22648808933270884,am
NA,W-Ase-255123,8,3113.0440000000003,0.9765895990568154,am
NA,W-Ase-292719,1,17225.6878,0.9823942923784781,am
NA,W-Ase-292719,2,45693.0789,0.9959782931120321,am
NA,W-Ase-292719,3,19552.9873,0.9645887037319938,am
NA,W-Ase-292719,4,12859.9962,0.9401058392812711,am
NA,W-Ase-292719,5,27764.5661,0.9870380556380983,am
NA,W-Ase-292719,6,7860.243100000001,0.9634810425032768,am
NA,W-Ase-292719,7,61419.3332,0.19521816669050804,am
NA,W-Ase-292719,8,3169.1740000000004,0.9941980794364884,am
NA,W-Ase-292720,1,17516.7743,0.9989951805118639,am
NA,W-Ase-292720,2,42972.212400000004,0.9366711937067498,am
NA,W-Ase-292720,3,20063.0681,0.9897520289120075,am
NA,W-Ase-292720,4,12115.3598,0.8856705955304693,am
NA,W-Ase-292720,5,24453.7747,0.8693384995092764,am
NA,W-Ase-292720,6,7880.0085,0.9659038159410975,am
NA,W-Ase-292720,7,4994.0194,0.015873231780458845,am
NA,W-Ase-292720,8,3187.6686000000004,1,am
NA,W-Ase-292727,1,15093.991100000001,0.8608219815670609,am
NA,W-Ase-292727,2,42972.212400000004,0.9366711937067498,am
NA,W-Ase-292727,3,19166.0333,0.9454994744732038,am
NA,W-Ase-292727,4,7106.8991,0.5195364943492604,am
NA,W-Ase-292727,5,11075.3893,0.3937331734533031,am
NA,W-Ase-292727,7,6966.9762,0.022144172694151004,am
NA,W-Ase-292727,8,3169.1740000000004,0.9941980794364884,am
NA,W-Ase-292729,1,15297.431700000001,0.8724243562645783,am
NA,W-Ase-292729,2,42972.212400000004,0.9366711937067498,am
NA,W-Ase-292729,3,19619.9841,0.9678937923854392,am
NA,W-Ase-292729,4,7242.333,0.5294371349285039,am
NA,W-Ase-292729,5,11075.3893,0.3937331734533031,am
NA,W-Ase-292729,7,6966.9762,0.022144172694151004,am
NA,W-Ase-292729,8,3187.6686000000004,1,am
NA,W-Ase-292746,1,8201.665,0.4677472956406612,am
NA,W-Ase-292746,2,38456.1752,0.8382345129146738,am
NA,W-Ase-292746,3,16386.0266,0.8083560795547579,am
NA,W-Ase-292746,4,567.5369000000001,0.041488717834737066,am
NA,W-Ase-292746,5,6407.5545,0.2277903465984706,am
NA,W-Ase-292746,7,8206.076000000001,0.026082587175384336,am
NA,W-Ase-292746,8,2289.804,0.71833188682161,am
NA,W-Ase-292869,2,3231.1908000000003,0.07043070800167292,am
NA,W-Ase-292869,7,108187.3986,0.34386803817836364,am
NA,W-Ase-292882,2,4675.1291,0.1019044287054246,am
NA,W-Ase-292882,5,800.5072000000001,0.02845825385372395,am
NA,W-Ase-292882,7,117969.6058,0.3749602766686813,am
NA,W-Ase-345389,2,4490.6229,0.09788272181745677,am
NA,W-Ase-345389,5,576.3184000000001,0.02048827959045468,am
NA,W-Ase-345389,7,56577.313200000004,0.17982805712352934,am
NA,W-Ase-368114,1,17225.6878,0.9823942923784781,am
NA,W-Ase-368114,2,42972.212400000004,0.9366711937067498,am
NA,W-Ase-368114,3,19552.9873,0.9645887037319938,am
NA,W-Ase-368114,4,11296.0492,0.8257764348117406,am
NA,W-Ase-368114,5,22622.1555,0.8042239269520842,am
NA,W-Ase-368114,6,4429.3197,0.5429304803736034,am
NA,W-Ase-368114,7,6966.9762,0.022144172694151004,am
NA,W-Ase-368114,8,3169.1740000000004,0.9941980794364884,am
NA,W-Ase-368318,1,8257.3642,0.4709238640776003,am
NA,W-Ase-368318,2,41953.042,0.9144561970416354,am
NA,W-Ase-368318,3,16704.0966,0.8240471207388349,am
NA,W-Ase-368318,4,1891.8187,0.13829784854302704,am
NA,W-Ase-368318,5,7335.7057,0.2607863801934695,am
NA,W-Ase-368318,7,27612.3445,0.08776440561091492,am
NA,W-Ase-368318,8,2345.934,0.7359403672012831,am
NA,W-Ase-368322,1,17225.6878,0.9823942923784781,am
NA,W-Ase-368322,2,42972.212400000004,0.9366711937067498,am
NA,W-Ase-368322,3,19552.9873,0.9645887037319938,am
NA,W-Ase-368322,4,11296.0492,0.8257764348117406,am
NA,W-Ase-368322,5,22622.1555,0.8042239269520842,am
NA,W-Ase-368322,6,4429.3197,0.5429304803736034,am
NA,W-Ase-368322,7,4994.0194,0.015873231780458845,am
NA,W-Ase-368322,8,3169.1740000000004,0.9941980794364884,am
NA,W-Ase-368510,7,2456.8104000000003,0.007808844499050566,am
NA,W-Ase-368527,2,4120.7309000000005,0.08982013527996267,am
NA,W-Ase-368527,5,576.3184000000001,0.02048827959045468,am
NA,W-Ase-368527,7,35163.6625,0.11176587842496745,am
NA,W-Ase-368805,2,4120.7309000000005,0.08982013527996267,am
NA,W-Ase-368805,7,7250.0982,0.023044061294533107,am
NA,W-Ase-368808,1,7939.725,0.45280865493537575,am
NA,W-Ase-368808,2,36886.5182,0.8040204845045341,am
NA,W-Ase-368808,3,12923.5946,0.637547254110465,am
NA,W-Ase-368808,4,1891.8187,0.13829784854302704,am
NA,W-Ase-368808,5,8783.145,0.3122432503343708,am
NA,W-Ase-368808,7,42613.3511,0.13544432745943494,am
NA,W-Ase-368808,8,2289.804,0.71833188682161,am
NA,W-Ase-369041,1,8201.665,0.4677472956406612,am
NA,W-Ase-369041,2,38456.1752,0.8382345129146738,am
NA,W-Ase-369041,3,16386.0266,0.8083560795547579,am
NA,W-Ase-369041,4,367.8159,0.026888489700369906,am
NA,W-Ase-369041,5,5908.252,0.21004000369737114,am
NA,W-Ase-369041,7,6907.8895,0.021956368681166506,am
NA,W-Ase-369041,8,2289.804,0.71833188682161,am
NA,W-Ase-369053,1,15093.991100000001,0.8608219815670609,am
NA,W-Ase-369053,2,42972.212400000004,0.9366711937067498,am
NA,W-Ase-369053,3,19166.0333,0.9454994744732038,am
NA,W-Ase-369053,4,7106.8991,0.5195364943492604,am
NA,W-Ase-369053,5,11075.3893,0.3937331734533031,am
NA,W-Ase-369053,7,6843.4794,0.021751644517239044,am
NA,W-Ase-369053,8,3169.1740000000004,0.9941980794364884,am
NA,W-Ase-369117,1,17516.7743,0.9989951805118639,am
NA,W-Ase-369117,2,41528.2741,0.9051974730029981,am
NA,W-Ase-369117,3,20063.0681,0.9897520289120075,am
NA,W-Ase-369117,4,12115.3598,0.8856705955304693,am
NA,W-Ase-369117,5,24453.7747,0.8693384995092764,am
NA,W-Ase-369117,6,4631.0917,0.5676629847547937,am
NA,W-Ase-369117,7,4610.1877,0.014653242619265849,am
NA,W-Ase-369117,8,3187.6686000000004,1,am
NA,W-Ase-370831,1,14215.7954,0.8107378018647374,am
NA,W-Ase-370831,2,42359.221,0.9233097362833946,am
NA,W-Ase-370831,3,18847.9633,0.9298084332891268,am
NA,W-Ase-370831,4,8574.1076,0.62679401269076,am
NA,W-Ase-370831,5,14526.6007,0.5164246996807574,am
NA,W-Ase-370831,7,96608.1548,0.3070640120106157,am
NA,W-Ase-370831,8,3113.0440000000003,0.9765895990568154,am
NA,W-Ase-370836,2,4120.7309000000005,0.08982013527996267,am
NA,W-Ase-370836,5,576.3184000000001,0.02048827959045468,am
NA,W-Ase-370836,7,36295.7165,0.11536405337999377,am
NA,W-Ase-378630,1,261.94,0.014938640705285425,am
NA,W-Ase-378630,2,15794.8675,0.3442828881592549,am
NA,W-Ase-378630,3,13447.8318,0.663408943346876,am
NA,W-Ase-378630,4,11296.0492,0.8257764348117406,am
NA,W-Ase-378630,5,9513.7767,0.33821741070691697,am
NA,W-Ase-378630,6,118.5924,0.014536640626924833,am
NA,W-Ase-378630,7,2383.6401,0.007576276493538671,am
NA,W-Ase-380614,2,5450.4649,0.11880452922967821,am
NA,W-Ase-380614,5,576.3184000000001,0.02048827959045468,am
NA,W-Ase-380614,7,65174.3618,0.20715333044058315,am
NA,W-Ase-380657,2,4675.1291,0.1019044287054246,am
NA,W-Ase-380657,5,800.5072000000001,0.02845825385372395,am
NA,W-Ase-380657,7,123752.8058,0.39334187807630694,am
NA,W-Ase-380747,2,4120.7309000000005,0.08982013527996267,am
NA,W-Ase-380747,5,576.3184000000001,0.02048827959045468,am
NA,W-Ase-380747,7,36295.7165,0.11536405337999377,am
NA,W-Ase-380775,2,5560.1311000000005,0.12119493839705177,am
NA,W-Ase-380775,5,800.5072000000001,0.02845825385372395,am
NA,W-Ase-380775,7,109160.1186,0.3469597782740244,am
NA,W-Ase-381961,1,11774.4347,0.6715051137327067,am
NA,W-Ase-381961,2,39094.4943,0.8521480416805983,am
NA,W-Ase-381961,3,16646.0535,0.8211837363500164,am
NA,W-Ase-381961,4,464.5544,0.0339603758284009,am
NA,W-Ase-381961,5,5908.252,0.21004000369737114,am
NA,W-Ase-381961,7,5994.2593,0.0190524424516795,am
NA,W-Ase-381961,8,2345.934,0.7359403672012831,am
NA,W-Ase-382131,1,17516.7743,0.9989951805118639,am
NA,W-Ase-382131,2,40057.8489,0.8731464137156599,am
NA,W-Ase-382131,3,20005.025,0.986888644523189,am
NA,W-Ase-382131,4,12115.3598,0.8856705955304693,am
NA,W-Ase-382131,5,22415.6947,0.7968841880250103,am
NA,W-Ase-382131,6,4631.0917,0.5676629847547937,am
NA,W-Ase-382131,7,4203.886,0.013361833727883798,am
NA,W-Ase-382131,8,3187.6686000000004,1,am
NA,W-Ase-559194,1,17225.6878,0.9823942923784781,am
NA,W-Ase-559194,2,40057.8489,0.8731464137156599,am
NA,W-Ase-559194,3,19494.9442,0.9617253193431753,am
NA,W-Ase-559194,4,11296.0492,0.8257764348117406,am
NA,W-Ase-559194,5,24313.3547,0.864346529410644,am
NA,W-Ase-559194,6,7860.243100000001,0.9634810425032768,am
NA,W-Ase-559194,7,4203.886,0.013361833727883798,am
NA,W-Ase-559194,8,3169.1740000000004,0.9941980794364884,am
NA,W-Bch-107310,1,15798.5385,0.9010028644732342,am
NA,W-Bch-107310,2,31198.594100000002,0.6800400246001614,am
NA,W-Bch-107310,3,13609.229200000002,0.6713710059444267,am
NA,W-Bch-107310,4,11767.1012,0.8602118054695578,am
NA,W-Bch-107310,5,12451.342,0.4426486750594309,am
NA,W-Bch-107310,6,4916.4229000000005,0.6026378829274356,am
NA,W-Bch-107310,7,2363.668,0.007512796209012243,am
NA,W-Bch-107310,8,1825.1406000000002,0.572562844205323,am
NA,W-Bch-107315,1,17225.6878,0.9823942923784781,am
NA,W-Bch-107315,2,42972.212400000004,0.9366711937067498,am
NA,W-Bch-107315,3,19552.9873,0.9645887037319938,am
NA,W-Bch-107315,4,11296.0492,0.8257764348117406,am
NA,W-Bch-107315,5,19468.017900000003,0.692093457032044,am
NA,W-Bch-107315,6,3009.5861,0.36890451303361993,am
NA,W-Bch-107315,7,6966.9762,0.022144172694151004,am
NA,W-Bch-107315,8,3169.1740000000004,0.9941980794364884,am
NA,W-Bch-107379,1,15850.7283,0.9039792891150632,am
NA,W-Bch-107379,2,31198.594100000002,0.6800400246001614,am
NA,W-Bch-107379,3,17130.5106,0.845082992199416,am
NA,W-Bch-107379,4,12115.3598,0.8856705955304693,am
NA,W-Bch-107379,5,16981.229900000002,0.6036874512092425,am
NA,W-Bch-107379,6,8158.171,1,am
NA,W-Bch-107379,7,2383.6401,0.007576276493538671,am
NA,W-Bch-107379,8,1825.1406000000002,0.572562844205323,am
NA,W-Bch-107451,1,15551.7991,0.8869311257375019,am
NA,W-Bch-107451,2,27777.0633,0.6054604495736633,am
NA,W-Bch-107451,3,6230.3588,0.3073562942823177,am
NA,W-Bch-107451,4,10896.2451,0.7965495079034267,am
NA,W-Bch-107451,5,11274.712800000001,0.4008191793780627,am
NA,W-Bch-107451,6,4429.3197,0.5429304803736034,am
NA,W-Bch-107451,7,1855.1782,0.0058965877390573275,am
NA,W-Bch-107451,8,992.4846,0.31135124899746475,am
NA,W-Bch-209568,2,2143.2992,0.046717785936819065,am
NA,W-Bch-209568,3,1955.73,0.09648014580103431,am
NA,W-Bch-209568,4,19.5573,0.0014296996394583387,am
NA,W-Bch-209568,5,5908.252,0.21004000369737114,am
NA,W-Bch-209568,7,3623.0859,0.011515790717835884,am
NA,W-Bch-211050,7,1849.46,0.0058784127367802,am
NA,W-Bch-240780,1,15850.7283,0.9039792891150632,am
NA,W-Bch-240780,2,31198.594100000002,0.6800400246001614,am
NA,W-Bch-240780,3,17130.5106,0.845082992199416,am
NA,W-Bch-240780,4,12115.3598,0.8856705955304693,am
NA,W-Bch-240780,5,16981.229900000002,0.6036874512092425,am
NA,W-Bch-240780,6,7028.2478,0.861497975465334,am
NA,W-Bch-240780,7,2383.6401,0.007576276493538671,am
NA,W-Bch-240780,8,1825.1406000000002,0.572562844205323,am
NA,W-Bch-440206,7,1849.46,0.0058784127367802,am
NA,W-Bch-440382,1,15850.7283,0.9039792891150632,am
NA,W-Bch-440382,2,31198.594100000002,0.6800400246001614,am
NA,W-Bch-440382,3,17130.5106,0.845082992199416,am
NA,W-Bch-440382,4,12115.3598,0.8856705955304693,am
NA,W-Bch-440382,5,16981.229900000002,0.6036874512092425,am
NA,W-Bch-440382,6,8158.171,1,am
NA,W-Bch-440382,7,2383.6401,0.007576276493538671,am
NA,W-Bch-440382,8,1825.1406000000002,0.572562844205323,am
NA,W-Bch-440384,1,17516.7743,0.9989951805118639,am
NA,W-Bch-440384,2,42972.212400000004,0.9366711937067498,am
NA,W-Bch-440384,3,20063.0681,0.9897520289120075,am
NA,W-Bch-440384,4,12115.3598,0.8856705955304693,am
NA,W-Bch-440384,5,23939.204700000002,0.8510453927320847,am
NA,W-Bch-440384,6,6730.3199,0.8249790179686108,am
NA,W-Bch-440384,7,4994.0194,0.015873231780458845,am
NA,W-Bch-440384,8,3187.6686000000004,1,am
NA,W-Bch-440388,1,17516.7743,0.9989951805118639,am
NA,W-Bch-440388,2,40057.8489,0.8731464137156599,am
NA,W-Bch-440388,3,20005.025,0.986888644523189,am
NA,W-Bch-440388,4,12115.3598,0.8856705955304693,am
NA,W-Bch-440388,5,24453.7747,0.8693384995092764,am
NA,W-Bch-440388,6,6730.3199,0.8249790179686108,am
NA,W-Bch-440388,7,4203.886,0.013361833727883798,am
NA,W-Bch-440388,8,3187.6686000000004,1,am
NA,W-Bch-440391,7,1849.46,0.0058784127367802,am
NA,W-Bch-440444,2,4182.2361,0.09116077254031402,am
NA,W-Bch-440444,7,2200.8574,0.006995311156768437,am
NA,W-Bch-440471,2,7310.5704000000005,0.15934950333730621,am
NA,W-Bch-440471,7,18416.8974,0.05853715368168771,am
NA,W-Bch-441490,1,15850.7283,0.9039792891150632,am
NA,W-Bch-441490,2,31198.594100000002,0.6800400246001614,am
NA,W-Bch-441490,3,17130.5106,0.845082992199416,am
NA,W-Bch-441490,4,12115.3598,0.8856705955304693,am
NA,W-Bch-441490,5,15290.030700000001,0.5435648487506827,am
NA,W-Bch-441490,6,4429.3197,0.5429304803736034,am
NA,W-Bch-441490,7,2383.6401,0.007576276493538671,am
NA,W-Bch-441490,8,1825.1406000000002,0.572562844205323,am
NA,W-Bch-441601,1,10150.2549,0.5788768840885807,am
NA,W-Bch-441601,2,23842.5236,0.5196987493572324,am
NA,W-Bch-441601,3,19476.9779,0.9608390051569098,am
NA,W-Bch-441601,4,12115.3598,0.8856705955304693,am
NA,W-Bch-441601,5,12416.7381,0.4414184967792994,am
NA,W-Bch-441601,6,118.5924,0.014536640626924833,am
NA,W-Bch-441601,7,816.3523,0.002594733467076774,am
NA,W-Bch-441601,8,3187.6686000000004,1,am
NA,W-Bch-442169,2,7915.404600000001,0.17253315715608578,am
NA,W-Bch-442169,4,1563.947,0.11432940446953056,am
NA,W-Bch-442169,5,3675.4002,0.1306615004907236,am
NA,W-Bch-442169,7,157769.9379,0.5014635690592828,am
NA,W-Bch-442171,1,17516.7743,0.9989951805118639,am
NA,W-Bch-442171,2,41528.2741,0.9051974730029981,am
NA,W-Bch-442171,3,20063.0681,0.9897520289120075,am
NA,W-Bch-442171,4,12115.3598,0.8856705955304693,am
NA,W-Bch-442171,5,19055.3519,0.6774230658290656,am
NA,W-Bch-442171,6,3743.2949,0.4588399654775562,am
NA,W-Bch-442171,7,6459.6477,0.02053165535604605,am
NA,W-Bch-442171,8,3187.6686000000004,1,am
NA,W-Bch-444382,1,15534.0367,0.8859181223334264,am
NA,W-Bch-444382,2,31198.594100000002,0.6800400246001614,am
NA,W-Bch-444382,3,17074.3806,0.8423139849316377,am
NA,W-Bch-444382,4,10838.5211,0.7923297034320481,am
NA,W-Bch-444382,5,6644.9417,0.2362295276567106,am
NA,W-Bch-444382,7,2383.6401,0.007576276493538671,am
NA,W-Bch-444382,8,1825.1406000000002,0.572562844205323,am
NA,WBD-Eup-19,5,11055.6239,0.3930305079798128,am
NA,WBD-Eup-19,7,184.6345,5.868511870757107e-4,am
NA,WBD-Eup-35,1,16347.492100000001,0.9323101126761546,am
NA,WBD-Eup-35,2,42913.6192,0.9353940297088567,am
NA,WBD-Eup-35,3,19234.9173,0.9488976625479167,am
NA,WBD-Eup-35,4,12545.8383,0.917139916768297,am
NA,WBD-Eup-35,5,25645.4515,0.9117029415605077,am
NA,WBD-Eup-35,6,4631.0917,0.5676629847547937,am
NA,WBD-Eup-35,7,296332.7439,0.9418782650431937,am
NA,WBD-Eup-35,8,3113.0440000000003,0.9765895990568154,am
NA,WBD-Eup-49,3,1994.8446000000001,0.09840974871705499,am
NA,WBD-Eup-49,4,8931.0351,0.6528865263845094,am
NA,WBD-Eup-49,5,24135.4661,0.8580225401492313,am
NA,WBD-Eup-49,6,7213.7733,0.88423904083403,am
NA,WBD-Eup-49,7,2159.9218,0.006865199474208264,am
NA,WBD-Eup-50,2,7846.2871000000005,0.17102659355101932,am
NA,WBD-Eup-50,3,58.043099999999995,0.002863384388818505,am
NA,WBD-Eup-50,5,3890.532,0.13830949588215613,am
NA,WBD-Eup-50,7,4722.941,0.015011623138354663,am
NA,WBD-Eup-61,1,17447.1879,0.9950266143227584,am
NA,WBD-Eup-61,2,40057.8489,0.8731464137156599,am
NA,WBD-Eup-61,3,20005.025,0.986888644523189,am
NA,WBD-Eup-61,4,12115.3598,0.8856705955304693,am
NA,WBD-Eup-61,5,21901.1247,0.7785910812478186,am
NA,WBD-Eup-61,6,8158.171,1,am
NA,WBD-Eup-61,7,6053.3460000000005,0.019240246464663997,am
NA,WBD-Eup-61,8,3187.6686000000004,1,am
NA,WBD-Eup-64,2,20386.3923,0.44436498249773826,am
NA,WBD-Eup-64,3,8001.773,0.39474376611637585,am
NA,WBD-Eup-64,4,5692.0108,0.416103745841858,am
NA,WBD-Eup-64,5,11920.7009,0.42378423620239214,am
NA,WBD-Eup-64,7,6966.9762,0.022144172694151004,am
NA,WBD-Eup-65,1,5508.9961,0.3141823065767682,am
NA,WBD-Eup-65,2,34144.802,0.7442589213354214,am
NA,WBD-Eup-65,3,17860.2773,0.8810838704478141,am
NA,WBD-Eup-65,4,9755.0499,0.7131245787981011,am
NA,WBD-Eup-65,5,14117.4865,0.5018805759567445,am
NA,WBD-Eup-65,7,6966.9762,0.022144172694151004,am
NA,WBD-Eup-65,8,264.294,0.08291137918163763,am
NA,WBD-Eup-72,2,11862.1458,0.25856081513758666,am
NA,WBD-Eup-72,3,58.043099999999995,0.002863384388818505,am
NA,WBD-Eup-72,4,39.9442,0.002920045626873432,am
NA,WBD-Eup-72,5,6842.4409000000005,0.243250679208511,am
NA,WBD-Eup-72,7,92662.4507,0.29452279606812115,am
NA,WBD-Eup-85,1,15850.7283,0.9039792891150632,am
NA,WBD-Eup-85,2,31198.594100000002,0.6800400246001614,am
NA,WBD-Eup-85,3,17130.5106,0.845082992199416,am
NA,WBD-Eup-85,4,12115.3598,0.8856705955304693,am
NA,WBD-Eup-85,5,14815.8151,0.5267063521297953,am
NA,WBD-Eup-85,6,4631.0917,0.5676629847547937,am
NA,WBD-Eup-85,7,2383.6401,0.007576276493538671,am
NA,WBD-Eup-85,8,1825.1406000000002,0.572562844205323,am
NA,WBD-Eup-90,7,23410.9618,0.07441052849231382,am
NA,WBD-Eup-95,2,7506.1534,0.16361265275054765,am
NA,WBD-Eup-95,4,610.4243,0.044623920562992275,am
NA,WBD-Eup-95,5,6471.626,0.23006810626357901,am
NA,WBD-Eup-95,7,4026.3445,0.012797527273617654,am
NA,WBD-Eup-97,2,2942.0009,0.06412719618060281,am
NA,WBD-Eup-97,7,2708.1859,0.008607828494873395,am
NA,W-Bra-183339,7,234691.2531,0.7459539819374009,am
NA,W-Bra-235453,2,10599.5781,0.2310404542195487,am
NA,W-Bra-235453,4,39.9442,0.002920045626873432,am
NA,W-Bra-235453,5,3176.0977000000003,0.11291115758962414,am
NA,W-Bra-235453,7,306065.5355,0.9728134386105417,am
NA,W-Bra-235579,2,5634.971100000001,0.12282623611764604,am
NA,W-Bra-235579,5,2247.9465,0.07991512399462523,am
NA,W-Bra-235579,7,285977.2456,0.9089638505100729,am
NA,W-Bra-235615,1,17410.6338,0.9929419057398575,am
NA,W-Bra-235615,2,45284.9137,0.9870814603970948,am
NA,W-Bra-235615,3,19704.1541,0.9720460699861678,am
NA,W-Bra-235615,4,12859.9962,0.9401058392812711,am
NA,W-Bra-235615,5,27764.5661,0.9870380556380983,am
NA,W-Bra-235615,6,4631.0917,0.5676629847547937,am
NA,W-Bra-235615,7,79936.492,0.2540739960346958,am
NA,W-Bra-235615,8,3187.6686000000004,1,am
NA,W-Bry-111360,1,6849.791300000001,0.3906488933988317,am
NA,W-Bry-111360,2,22768.5877,0.49629002159488117,am
NA,W-Bry-111360,3,8884.8744,0.4383089575431564,am
NA,W-Bry-111360,4,6758.6404999999995,0.49407770428834885,am
NA,W-Bry-111360,5,19.7654,7.026654734903013e-4,am
NA,W-Bry-111360,7,2363.668,0.007512796209012243,am
NA,W-Bry-111360,8,1207.926,0.37893713292529846,am
NA,W-Bry-111411,1,15588.7883,0.8890406484097778,am
NA,W-Bry-111411,2,29589.5341,0.6449671236073844,am
NA,W-Bry-111411,3,9781.9092,0.4825615119819602,am
NA,W-Bry-111411,4,11767.1012,0.8602118054695578,am
NA,W-Bry-111411,5,7545.6756000000005,0.2682508686026194,am
NA,W-Bry-111411,6,812.6551,0.09961241312544196,am
NA,W-Bry-111411,7,2363.668,0.007512796209012243,am
NA,W-Bry-111411,8,1825.1406000000002,0.572562844205323,am
NA,W-Bry-111418,1,15330.5961,0.874315747635909,am
NA,W-Bry-111418,2,31198.594100000002,0.6800400246001614,am
NA,W-Bry-111418,3,11185.4884,0.5518029337831797,am
NA,W-Bry-111418,4,10947.7906,0.800317644750829,am
NA,W-Bry-111418,5,12825.492,0.4559498117379902,am
NA,W-Bry-111418,6,7860.243100000001,0.9634810425032768,am
NA,W-Bry-111418,7,2363.668,0.007512796209012243,am
NA,W-Bry-111418,8,1806.6460000000002,0.5667609236418114,am
NA,W-Bry-111663,1,15559.641800000001,0.8873784009816774,am
NA,W-Bry-111663,2,31198.594100000002,0.6800400246001614,am
NA,W-Bry-111663,3,16620.4298,0.8199196670194022,am
NA,W-Bry-111663,4,11296.0492,0.8257764348117406,am
NA,W-Bry-111663,5,8990.2035,0.31960423766286866,am
NA,W-Bry-111663,6,812.6551,0.09961241312544196,am
NA,W-Bry-111663,7,2383.6401,0.007576276493538671,am
NA,W-Bry-111663,8,1806.6460000000002,0.5667609236418114,am
NA,W-Bry-111700,1,15297.7018,0.872439760276392,am
NA,W-Bry-111700,2,29589.5341,0.6449671236073844,am
NA,W-Bry-111700,3,8207.7049,0.40490280634027387,am
NA,W-Bry-111700,4,10096.4918,0.7380850468241563,am
NA,W-Bry-111700,5,7980.1552,0.28369673935939016,am
NA,W-Bry-111700,6,3009.5861,0.36890451303361993,am
NA,W-Bry-111700,7,2363.668,0.007512796209012243,am
NA,W-Bry-111700,8,1806.6460000000002,0.5667609236418114,am
NA,W-Bry-173982,1,15297.7018,0.872439760276392,am
NA,W-Bry-173982,2,29589.5341,0.6449671236073844,am
NA,W-Bry-173982,3,8207.7049,0.40490280634027387,am
NA,W-Bry-173982,4,10096.4918,0.7380850468241563,am
NA,W-Bry-173982,5,12310.922,0.43765670496079856,am
NA,W-Bry-173982,6,7860.243100000001,0.9634810425032768,am
NA,W-Bry-173982,7,2363.668,0.007512796209012243,am
NA,W-Bry-173982,8,1806.6460000000002,0.5667609236418114,am
NA,W-Bry-470797,1,14741.879400000002,0.8407407790992162,am
NA,W-Bry-470797,2,31198.594100000002,0.6800400246001614,am
NA,W-Bry-470797,3,10798.5344,0.5327137045243897,am
NA,W-Bry-470797,4,6758.6404999999995,0.49407770428834885,am
NA,W-Bry-470797,5,197.654,0.007026654734903013,am
NA,W-Bry-470797,7,2363.668,0.007512796209012243,am
NA,W-Bry-470797,8,1806.6460000000002,0.5667609236418114,am
NA,W-Cha-105414,2,19373.5379,0.4222876565488622,am
NA,W-Cha-105414,3,3387.879,0.16713097404869912,am
NA,W-Cha-105414,4,5378.456999999999,0.3931819849233881,am
NA,W-Cha-105414,5,12712.7095,0.4519403624597606,am
NA,W-Cha-105414,7,314618.9427,1,am
NA,W-Cha-105416,1,17225.6878,0.9823942923784781,am
NA,W-Cha-105416,2,45877.585100000004,0.9999999999999999,am
NA,W-Cha-105416,3,19552.9873,0.9645887037319938,am
NA,W-Cha-105416,4,12859.9962,0.9401058392812711,am
NA,W-Cha-105416,5,27988.7549,0.9950080299013676,am
NA,W-Cha-105416,6,4631.0917,0.5676629847547937,am
NA,W-Cha-105416,7,314618.9427,1,am
NA,W-Cha-105416,8,3169.1740000000004,0.9941980794364884,am
NA,W-Cha-105431,2,13550.6605,0.2953656010983019,am
NA,W-Cha-105431,5,3176.0977000000003,0.11291115758962414,am
NA,W-Cha-105431,7,302347.629,0.9609962655309628,am
NA,W-Cha-105440,1,15588.7883,0.8890406484097778,am
NA,W-Cha-105440,2,29589.5341,0.6449671236073844,am
NA,W-Cha-105440,3,9781.9092,0.4825615119819602,am
NA,W-Cha-105440,4,11767.1012,0.8602118054695578,am
NA,W-Cha-105440,5,12965.912,0.4609417818366226,am
NA,W-Cha-105440,6,8158.171,1,am
NA,W-Cha-105440,7,2363.668,0.007512796209012243,am
NA,W-Cha-105440,8,1825.1406000000002,0.572562844205323,am
NA,W-Cha-105441,1,9946.8143,0.5672745093910635,am
NA,W-Cha-105441,2,30129.7799,0.6567429352335287,am
NA,W-Cha-105441,3,19062.5801,0.9403959173259577,am
NA,W-Cha-105441,4,11667.0091,0.8528947607198926,am
NA,W-Cha-105441,5,21840.593100000002,0.7764391660133622,am
NA,W-Cha-105441,6,7860.243100000001,0.9634810425032768,am
NA,W-Cha-105441,7,4274.2657,0.01358553195595619,am
NA,W-Cha-105441,8,3169.1740000000004,0.9941980794364884,am
NA,W-Cha-105445,1,17516.7743,0.9989951805118639,am
NA,W-Cha-105445,2,42972.212400000004,0.9366711937067498,am
NA,W-Cha-105445,3,20063.0681,0.9897520289120075,am
NA,W-Cha-105445,4,13639.3626,0.9970799543731266,am
NA,W-Cha-105445,5,24953.0772,0.8870888424103759,am
NA,W-Cha-105445,6,5135.9093,0.6295417563569089,am
NA,W-Cha-105445,7,8917.420900000001,0.028343560064986513,am
NA,W-Cha-105445,8,3187.6686000000004,1,am
NA,W-Ech-124321,1,17516.7743,0.9989951805118639,am
NA,W-Ech-124321,2,40057.8489,0.8731464137156599,am
NA,W-Ech-124321,3,20005.025,0.986888644523189,am
NA,W-Ech-124321,4,12115.3598,0.8856705955304693,am
NA,W-Ech-124321,5,22415.6947,0.7968841880250103,am
NA,W-Ech-124321,6,5116.1439,0.6271189829190881,am
NA,W-Ech-124321,7,6053.3460000000005,0.019240246464663997,am
NA,W-Ech-124321,8,3187.6686000000004,1,am
NA,W-Ech-124324,1,15093.991100000001,0.8608219815670609,am
NA,W-Ech-124324,2,44656.6084,0.9733862037999903,am
NA,W-Ech-124324,3,19166.0333,0.9454994744732038,am
NA,W-Ech-124324,4,8670.8461,0.633865898818791,am
NA,W-Ech-124324,5,14526.6007,0.5164246996807574,am
NA,W-Ech-124324,7,62360.0373,0.19820814590767485,am
NA,W-Ech-124324,8,3169.1740000000004,0.9941980794364884,am
NA,W-Ech-158062,1,17516.7743,0.9989951805118639,am
NA,W-Ech-158062,2,37241.4428,0.8117568245761915,am
NA,W-Ech-158062,3,19476.9779,0.9608390051569098,am
NA,W-Ech-158062,4,12115.3598,0.8856705955304693,am
NA,W-Ech-158062,5,20048.6727,0.7127358968499286,am
NA,W-Ech-158062,6,8158.171,1,am
NA,W-Ech-158062,7,2383.6401,0.007576276493538671,am
NA,W-Ech-158062,8,3187.6686000000004,1,am
NA,W-Ech-160784,2,7915.404600000001,0.17253315715608578,am
NA,W-Ech-160784,4,239.6652,0.01752027376124059,am
NA,W-Ech-160784,5,3675.4002,0.1306615004907236,am
NA,W-Ech-160784,7,311275.18200000003,0.9893720299505666,am
NA,W-Ech-220659,2,4675.1291,0.1019044287054246,am
NA,W-Ech-220659,5,800.5072000000001,0.02845825385372395,am
NA,W-Ech-220659,7,129619.9958,0.4119904373450175,am
NA,W-Ech-240747,1,17516.7743,0.9989951805118639,am
NA,W-Ech-240747,2,37241.4428,0.8117568245761915,am
NA,W-Ech-240747,3,19476.9779,0.9608390051569098,am
NA,W-Ech-240747,4,12115.3598,0.8856705955304693,am
NA,W-Ech-240747,5,15063.117900000001,0.5354980355289412,am
NA,W-Ech-240747,6,592.962,0.07268320313462416,am
NA,W-Ech-240747,7,2383.6401,0.007576276493538671,am
NA,W-Ech-240747,8,3187.6686000000004,1,am
NA,W-Ech-513000,7,38992.0224,0.12393412191070846,am
NA,W-Ech-513094,2,5634.971100000001,0.12282623611764604,am
NA,W-Ech-513094,5,2247.9465,0.07991512399462523,am
NA,W-Ech-513094,7,263981.6502,0.8390519907496975,am
NA,W-Ech-513143,1,17225.6878,0.9823942923784781,am
NA,W-Ech-513143,2,45284.9137,0.9870814603970948,am
NA,W-Ech-513143,3,19552.9873,0.9645887037319938,am
NA,W-Ech-513143,4,12859.9962,0.9401058392812711,am
NA,W-Ech-513143,5,26073.3669,0.9269154531795385,am
NA,W-Ech-513143,6,4429.3197,0.5429304803736034,am
NA,W-Ech-513143,7,52011.6784,0.16531642358735826,am
NA,W-Ech-513143,8,3169.1740000000004,0.9941980794364884,am
NA,W-Ech-513214,2,3231.1908000000003,0.07043070800167292,am
NA,W-Ech-513214,7,104194.3486,0.33117633574705924,am
NA,W-Ech-513215,1,15850.7283,0.9039792891150632,am
NA,W-Ech-513215,2,31198.594100000002,0.6800400246001614,am
NA,W-Ech-513215,3,17130.5106,0.845082992199416,am
NA,W-Ech-513215,4,12115.3598,0.8856705955304693,am
NA,W-Ech-513215,5,11481.1051,0.40815648311106345,am
NA,W-Ech-513215,6,592.962,0.07268320313462416,am
NA,W-Ech-513215,7,2383.6401,0.007576276493538671,am
NA,W-Ech-513215,8,1825.1406000000002,0.572562844205323,am
NA,W-Ech-513483,2,4675.1291,0.1019044287054246,am
NA,W-Ech-513483,5,800.5072000000001,0.02845825385372395,am
NA,W-Ech-513483,7,129619.9958,0.4119904373450175,am
NA,W-Ech-568594,2,4675.1291,0.1019044287054246,am
NA,W-Ech-568594,5,800.5072000000001,0.02845825385372395,am
NA,W-Ech-568594,7,129619.9958,0.4119904373450175,am
NA,W-Ech-569742,1,17079.4662,0.9740551614868542,am
NA,W-Ech-569742,2,44656.6084,0.9733862037999903,am
NA,W-Ech-569742,3,19552.9873,0.9645887037319938,am
NA,W-Ech-569742,4,12723.3135,0.9301139075263667,am
NA,W-Ech-569742,5,24049.609200000003,0.8549703034481826,am
NA,W-Ech-569742,6,4429.3197,0.5429304803736034,am
NA,W-Ech-569742,7,16843.292400000002,0.05353553176249994,am
NA,W-Ech-569742,8,3169.1740000000004,0.9941980794364884,am
NA,W-Ech-591102,1,17441.0783,0.994678179111439,am
NA,W-Ech-591102,2,27741.8468,0.6046928307043781,am
NA,W-Ech-591102,3,16714.3037,0.8245506577793291,am
NA,W-Ech-591102,4,10335.0257,0.7555226190262798,am
NA,W-Ech-591102,5,3697.9864000000002,0.13146444618963923,am
NA,W-Ech-591102,6,4429.3197,0.5429304803736034,am
NA,W-Ech-591102,7,458.20640000000003,0.0014563852896706084,am
NA,W-Ech-591102,8,3074.1246,0.9643802370171103,am
NA,W-Gtr-114692,1,15260.7126,0.8703302376041162,am
NA,W-Gtr-114692,2,27777.0633,0.6054604495736633,am
NA,W-Gtr-114692,3,5720.278,0.282192969102304,am
NA,W-Gtr-114692,4,10076.9345,0.7366553471846979,am
NA,W-Gtr-114692,5,12825.492,0.4559498117379902,am
NA,W-Gtr-114692,6,7860.243100000001,0.9634810425032768,am
NA,W-Gtr-114692,7,1855.1782,0.0058965877390573275,am
NA,W-Gtr-114692,8,973.99,0.3055493284339532,am
NA,W-Hol-225804,1,12453.0282,0.7102058256569722,am
NA,W-Hol-225804,2,39516.6468,0.8613497574875622,am
NA,W-Hol-225804,3,20063.0681,0.9897520289120075,am
NA,W-Hol-225804,4,13639.3626,0.9970799543731266,am
NA,W-Hol-225804,5,24358.6188,0.8659556807690083,am
NA,W-Hol-225804,6,7860.243100000001,0.9634810425032768,am
NA,W-Hol-225804,7,8917.420900000001,0.028343560064986513,am
NA,W-Hol-225804,8,3187.6686000000004,1,am
NA,W-Hol-225807,1,15588.7883,0.8890406484097778,am
NA,W-Hol-225807,2,24306.5368,0.5298129085700284,am
NA,W-Hol-225807,3,8354.2263,0.4121310055472051,am
NA,W-Hol-225807,4,9986.7671,0.7300638289653683,am
NA,W-Hol-225807,5,2133.6936,0.07585340158697651,am
NA,W-Hol-225807,6,4429.3197,0.5429304803736034,am
NA,W-Hol-225807,7,458.20640000000003,0.0014563852896706084,am
NA,W-Hol-225807,8,1825.1406000000002,0.572562844205323,am
NA,W-Hol-241785,7,2922.1617,0.009287939482990323,am
NA,W-Hol-529305,1,15551.7991,0.8869311257375019,am
NA,W-Hol-529305,2,27777.0633,0.6054604495736633,am
NA,W-Hol-529305,3,7658.041700000001,0.37778680071707277,am
NA,W-Hol-529305,4,10915.8024,0.7979792075428851,am
NA,W-Hol-529305,5,12965.912,0.4609417818366226,am
NA,W-Hol-529305,6,7028.2478,0.861497975465334,am
NA,W-Hol-529305,7,2363.668,0.007512796209012243,am
NA,W-Hol-529305,8,992.4846,0.31135124899746475,am
NA,W-Hol-529459,1,10768.4876,0.6141351729240336,am
NA,W-Hol-529459,2,10210.5655,0.22256109334752233,am
NA,W-Hol-529459,3,17130.5106,0.845082992199416,am
NA,W-Hol-529459,4,11248.5956,0.8223074286191169,am
NA,W-Hol-529459,5,6644.9417,0.2362295276567106,am
NA,W-Hol-529459,7,567.5765,0.001804012482939413,am
NA,W-Hol-529459,8,1825.1406000000002,0.572562844205323,am
NA,W-Hol-529595,1,8280.7683,0.47225861799426283,am
NA,W-Hol-529595,2,23916.7837,0.5213174069181771,am
NA,W-Hol-529595,3,17385.8938,0.8576815658118956,am
NA,W-Hol-529595,4,11296.0492,0.8257764348117406,am
NA,W-Hol-529595,5,16758.4787,0.5957685840262595,am
NA,W-Hol-529595,6,6730.3199,0.8249790179686108,am
NA,W-Hol-529595,7,2383.6401,0.007576276493538671,am
NA,W-Hol-529595,8,1806.6460000000002,0.5667609236418114,am
NA,W-Hyd-117263,1,17225.6878,0.9823942923784781,am
NA,W-Hyd-117263,2,45877.585100000004,0.9999999999999999,am
NA,W-Hyd-117263,3,19552.9873,0.9645887037319938,am
NA,W-Hyd-117263,4,12859.9962,0.9401058392812711,am
NA,W-Hyd-117263,5,23143.418100000003,0.8227549575227676,am
NA,W-Hyd-117263,6,3009.5861,0.36890451303361993,am
NA,W-Hyd-117263,7,226948.0584,0.7213426389789975,am
NA,W-Hyd-117263,8,3169.1740000000004,0.9941980794364884,am
NA,W-Hyd-117267,1,9946.8143,0.5672745093910635,am
NA,W-Hyd-117267,2,34542.206,0.7529211907014696,am
NA,W-Hyd-117267,3,19552.9873,0.9645887037319938,am
NA,W-Hyd-117267,4,12227.09,0.8938384216954619,am
NA,W-Hyd-117267,5,14184.550200000001,0.5042647091650029,am
NA,W-Hyd-117267,7,12280.5177,0.03903298890591561,am
NA,W-Hyd-117267,8,3169.1740000000004,0.9941980794364884,am
NA,W-Hyd-117279,1,15559.641800000001,0.8873784009816774,am
NA,W-Hyd-117279,2,31198.594100000002,0.6800400246001614,am
NA,W-Hyd-117279,3,16620.4298,0.8199196670194022,am
NA,W-Hyd-117279,4,11296.0492,0.8257764348117406,am
NA,W-Hyd-117279,5,15149.610700000001,0.5385728786520503,am
NA,W-Hyd-117279,6,4429.3197,0.5429304803736034,am
NA,W-Hyd-117279,7,2383.6401,0.007576276493538671,am
NA,W-Hyd-117279,8,1806.6460000000002,0.5667609236418114,am
NA,W-Hyd-117320,1,15588.7883,0.8890406484097778,am
NA,W-Hyd-117320,2,29589.5341,0.6449671236073844,am
NA,W-Hyd-117320,3,9781.9092,0.4825615119819602,am
NA,W-Hyd-117320,4,11767.1012,0.8602118054695578,am
NA,W-Hyd-117320,5,12965.912,0.4609417818366226,am
NA,W-Hyd-117320,6,8158.171,1,am
NA,W-Hyd-117320,7,2363.668,0.007512796209012243,am
NA,W-Hyd-117320,8,1825.1406000000002,0.572562844205323,am
NA,W-Hyd-117328,1,15850.7283,0.9039792891150632,am
NA,W-Hyd-117328,2,31198.594100000002,0.6800400246001614,am
NA,W-Hyd-117328,3,9781.9092,0.4825615119819602,am
NA,W-Hyd-117328,4,11767.1012,0.8602118054695578,am
NA,W-Hyd-117328,5,12965.912,0.4609417818366226,am
NA,W-Hyd-117328,6,8158.171,1,am
NA,W-Hyd-117328,7,2363.668,0.007512796209012243,am
NA,W-Hyd-117328,8,1825.1406000000002,0.572562844205323,am
NA,W-Hyd-117368,1,15850.7283,0.9039792891150632,am
NA,W-Hyd-117368,2,31198.594100000002,0.6800400246001614,am
NA,W-Hyd-117368,3,9781.9092,0.4825615119819602,am
NA,W-Hyd-117368,4,11767.1012,0.8602118054695578,am
NA,W-Hyd-117368,5,12965.912,0.4609417818366226,am
NA,W-Hyd-117368,6,8158.171,1,am
NA,W-Hyd-117368,7,2363.668,0.007512796209012243,am
NA,W-Hyd-117368,8,1825.1406000000002,0.572562844205323,am
NA,W-Hyd-117370,1,15559.641800000001,0.8873784009816774,am
NA,W-Hyd-117370,2,31198.594100000002,0.6800400246001614,am
NA,W-Hyd-117370,3,9271.8284,0.45739818680194644,am
NA,W-Hyd-117370,4,10947.7906,0.800317644750829,am
NA,W-Hyd-117370,5,12825.492,0.4559498117379902,am
NA,W-Hyd-117370,6,7860.243100000001,0.9634810425032768,am
NA,W-Hyd-117370,7,2363.668,0.007512796209012243,am
NA,W-Hyd-117370,8,1806.6460000000002,0.5667609236418114,am
NA,W-Hyd-117373,1,15559.641800000001,0.8873784009816774,am
NA,W-Hyd-117373,2,31198.594100000002,0.6800400246001614,am
NA,W-Hyd-117373,3,9271.8284,0.45739818680194644,am
NA,W-Hyd-117373,4,10947.7906,0.800317644750829,am
NA,W-Hyd-117373,5,12825.492,0.4559498117379902,am
NA,W-Hyd-117373,6,7860.243100000001,0.9634810425032768,am
NA,W-Hyd-117373,7,2363.668,0.007512796209012243,am
NA,W-Hyd-117373,8,1806.6460000000002,0.5667609236418114,am
NA,W-Hyd-117385,1,17225.6878,0.9823942923784781,am
NA,W-Hyd-117385,2,37241.4428,0.8117568245761915,am
NA,W-Hyd-117385,3,18966.897100000002,0.935675679976896,am
NA,W-Hyd-117385,4,11296.0492,0.8257764348117406,am
NA,W-Hyd-117385,5,20422.8227,0.7260370335284879,am
NA,W-Hyd-117385,6,7860.243100000001,0.9634810425032768,am
NA,W-Hyd-117385,7,2383.6401,0.007576276493538671,am
NA,W-Hyd-117385,8,3169.1740000000004,0.9941980794364884,am
NA,W-Hyd-117386,1,15850.7283,0.9039792891150632,am
NA,W-Hyd-117386,2,31198.594100000002,0.6800400246001614,am
NA,W-Hyd-117386,3,17130.5106,0.845082992199416,am
NA,W-Hyd-117386,4,12115.3598,0.8856705955304693,am
NA,W-Hyd-117386,5,16981.229900000002,0.6036874512092425,am
NA,W-Hyd-117386,6,8158.171,1,am
NA,W-Hyd-117386,7,2383.6401,0.007576276493538671,am
NA,W-Hyd-117386,8,1825.1406000000002,0.572562844205323,am
NA,W-Hyd-117388,1,15559.641800000001,0.8873784009816774,am
NA,W-Hyd-117388,2,31198.594100000002,0.6800400246001614,am
NA,W-Hyd-117388,3,9271.8284,0.45739818680194644,am
NA,W-Hyd-117388,4,10947.7906,0.800317644750829,am
NA,W-Hyd-117388,5,12825.492,0.4559498117379902,am
NA,W-Hyd-117388,6,7860.243100000001,0.9634810425032768,am
NA,W-Hyd-117388,7,2363.668,0.007512796209012243,am
NA,W-Hyd-117388,8,1806.6460000000002,0.5667609236418114,am
NA,W-Hyd-117425,1,14303.5591,0.8157430335256768,am
NA,W-Hyd-117425,2,26928.2668,0.5869591161196495,am
NA,W-Hyd-117425,3,5720.278,0.282192969102304,am
NA,W-Hyd-117425,4,10076.9345,0.7366553471846979,am
NA,W-Hyd-117425,5,12825.492,0.4559498117379902,am
NA,W-Hyd-117425,6,7860.243100000001,0.9634810425032768,am
NA,W-Hyd-117425,7,1855.1782,0.0058965877390573275,am
NA,W-Hyd-117425,8,973.99,0.3055493284339532,am
NA,W-Hyd-117428,1,15297.7018,0.872439760276392,am
NA,W-Hyd-117428,2,29589.5341,0.6449671236073844,am
NA,W-Hyd-117428,3,8207.7049,0.40490280634027387,am
NA,W-Hyd-117428,4,10096.4918,0.7380850468241563,am
NA,W-Hyd-117428,5,12825.492,0.4559498117379902,am
NA,W-Hyd-117428,6,7860.243100000001,0.9634810425032768,am
NA,W-Hyd-117428,7,2363.668,0.007512796209012243,am
NA,W-Hyd-117428,8,1806.6460000000002,0.5667609236418114,am
NA,W-Hyd-117517,1,15482.6478,0.8829873736377715,am
NA,W-Hyd-117517,2,29589.5341,0.6449671236073844,am
NA,W-Hyd-117517,3,8358.8717,0.4123601725944479,am
NA,W-Hyd-117517,4,10096.4918,0.7380850468241563,am
NA,W-Hyd-117517,5,12886.0236,0.45810172697244667,am
NA,W-Hyd-117517,6,6730.3199,0.8249790179686108,am
NA,W-Hyd-117517,7,2363.668,0.007512796209012243,am
NA,W-Hyd-117517,8,1825.1406000000002,0.572562844205323,am
NA,W-Hyd-117544,1,8203.3392,0.46784277656098183,am
NA,W-Hyd-117544,2,19347.0569,0.4217104465683831,am
NA,W-Hyd-117544,3,6230.3588,0.3073562942823177,am
NA,W-Hyd-117544,4,10896.2451,0.7965495079034267,am
NA,W-Hyd-117544,5,12451.342,0.4426486750594309,am
NA,W-Hyd-117544,6,6588.6677,0.8076157879014794,am
NA,W-Hyd-117544,7,1855.1782,0.0058965877390573275,am
NA,W-Hyd-117544,8,992.4846,0.31135124899746475,am
NA,W-Hyd-117545,1,15588.7883,0.8890406484097778,am
NA,W-Hyd-117545,2,29589.5341,0.6449671236073844,am
NA,W-Hyd-117545,3,8717.7857,0.43006613152028755,am
NA,W-Hyd-117545,4,10915.8024,0.7979792075428851,am
NA,W-Hyd-117545,5,5498.4588,0.195471741334297,am
NA,W-Hyd-117545,6,118.5924,0.014536640626924833,am
NA,W-Hyd-117545,7,2363.668,0.007512796209012243,am
NA,W-Hyd-117545,8,1825.1406000000002,0.572562844205323,am
NA,W-Hyd-117554,1,9946.8143,0.5672745093910635,am
NA,W-Hyd-117554,2,30129.7799,0.6567429352335287,am
NA,W-Hyd-117554,3,18966.897100000002,0.935675679976896,am
NA,W-Hyd-117554,4,11296.0492,0.8257764348117406,am
NA,W-Hyd-117554,5,20069.5055,0.7134765086906264,am
NA,W-Hyd-117554,6,4429.3197,0.5429304803736034,am
NA,W-Hyd-117554,7,4274.2657,0.01358553195595619,am
NA,W-Hyd-117554,8,3169.1740000000004,0.9941980794364884,am
NA,W-Hyd-117588,1,9946.8143,0.5672745093910635,am
NA,W-Hyd-117588,2,36226.602,0.7896362007947101,am
NA,W-Hyd-117588,3,19552.9873,0.9645887037319938,am
NA,W-Hyd-117588,4,12820.052,0.9371857936543977,am
NA,W-Hyd-117588,5,24298.0872,0.8638037655345518,am
NA,W-Hyd-117588,6,4916.4229000000005,0.6026378829274356,am
NA,W-Hyd-117588,7,23489.5188,0.0746602178445373,am
NA,W-Hyd-117588,8,3169.1740000000004,0.9941980794364884,am
NA,W-Hyd-117598,1,15559.641800000001,0.8873784009816774,am
NA,W-Hyd-117598,2,31198.594100000002,0.6800400246001614,am
NA,W-Hyd-117598,3,9271.8284,0.45739818680194644,am
NA,W-Hyd-117598,4,10947.7906,0.800317644750829,am
NA,W-Hyd-117598,5,12825.492,0.4559498117379902,am
NA,W-Hyd-117598,6,7860.243100000001,0.9634810425032768,am
NA,W-Hyd-117598,7,2363.668,0.007512796209012243,am
NA,W-Hyd-117598,8,1806.6460000000002,0.5667609236418114,am
NA,W-Hyd-117606,1,17516.7743,0.9989951805118639,am
NA,W-Hyd-117606,2,42972.212400000004,0.9366711937067498,am
NA,W-Hyd-117606,3,20063.0681,0.9897520289120075,am
NA,W-Hyd-117606,4,13639.3626,0.9970799543731266,am
NA,W-Hyd-117606,5,24873.1888,0.8842487875462,am
NA,W-Hyd-117606,6,7860.243100000001,0.9634810425032768,am
NA,W-Hyd-117606,7,16233.4577,0.051597203781461945,am
NA,W-Hyd-117606,8,3187.6686000000004,1,am
NA,W-Hyd-117628,1,15559.641800000001,0.8873784009816774,am
NA,W-Hyd-117628,2,31198.594100000002,0.6800400246001614,am
NA,W-Hyd-117628,3,16620.4298,0.8199196670194022,am
NA,W-Hyd-117628,4,11296.0492,0.8257764348117406,am
NA,W-Hyd-117628,5,16840.8099,0.5986954811106102,am
NA,W-Hyd-117628,6,7698.8255,0.9436950389983245,am
NA,W-Hyd-117628,7,2383.6401,0.007576276493538671,am
NA,W-Hyd-117628,8,1806.6460000000002,0.5667609236418114,am
NA,W-Hyd-117635,1,15297.7018,0.872439760276392,am
NA,W-Hyd-117635,2,29589.5341,0.6449671236073844,am
NA,W-Hyd-117635,3,9271.8284,0.45739818680194644,am
NA,W-Hyd-117635,4,10947.7906,0.800317644750829,am
NA,W-Hyd-117635,5,12825.492,0.4559498117379902,am
NA,W-Hyd-117635,6,7860.243100000001,0.9634810425032768,am
NA,W-Hyd-117635,7,2363.668,0.007512796209012243,am
NA,W-Hyd-117635,8,1806.6460000000002,0.5667609236418114,am
NA,W-Hyd-117679,1,17225.6878,0.9823942923784781,am
NA,W-Hyd-117679,2,42972.212400000004,0.9366711937067498,am
NA,W-Hyd-117679,3,19552.9873,0.9645887037319938,am
NA,W-Hyd-117679,4,11296.0492,0.8257764348117406,am
NA,W-Hyd-117679,5,24313.3547,0.864346529410644,am
NA,W-Hyd-117679,6,7698.8255,0.9436950389983245,am
NA,W-Hyd-117679,7,6966.9762,0.022144172694151004,am
NA,W-Hyd-117679,8,3169.1740000000004,0.9941980794364884,am
NA,W-Hyd-117699,1,15850.7283,0.9039792891150632,am
NA,W-Hyd-117699,2,31198.594100000002,0.6800400246001614,am
NA,W-Hyd-117699,3,9781.9092,0.4825615119819602,am
NA,W-Hyd-117699,4,11767.1012,0.8602118054695578,am
NA,W-Hyd-117699,5,12965.912,0.4609417818366226,am
NA,W-Hyd-117699,6,8158.171,1,am
NA,W-Hyd-117699,7,2363.668,0.007512796209012243,am
NA,W-Hyd-117699,8,1825.1406000000002,0.572562844205323,am
NA,W-Hyd-117702,1,17225.6878,0.9823942923784781,am
NA,W-Hyd-117702,2,45877.585100000004,0.9999999999999999,am
NA,W-Hyd-117702,3,19552.9873,0.9645887037319938,am
NA,W-Hyd-117702,4,12859.9962,0.9401058392812711,am
NA,W-Hyd-117702,5,27988.7549,0.9950080299013676,am
NA,W-Hyd-117702,6,4631.0917,0.5676629847547937,am
NA,W-Hyd-117702,7,314618.9427,1,am
NA,W-Hyd-117702,8,3169.1740000000004,0.9941980794364884,am
NA,W-Hyd-117743,1,15551.7991,0.8869311257375019,am
NA,W-Hyd-117743,2,27777.0633,0.6054604495736633,am
NA,W-Hyd-117743,3,6230.3588,0.3073562942823177,am
NA,W-Hyd-117743,4,10896.2451,0.7965495079034267,am
NA,W-Hyd-117743,5,12965.912,0.4609417818366226,am
NA,W-Hyd-117743,6,8158.171,1,am
NA,W-Hyd-117743,7,1855.1782,0.0058965877390573275,am
NA,W-Hyd-117743,8,992.4846,0.31135124899746475,am
NA,W-Hyd-117768,1,13943.3392,0.795199414143399,am
NA,W-Hyd-117768,2,37596.4317,0.8194945662037473,am
NA,W-Hyd-117768,3,16118.0064,0.7951340969837372,am
NA,W-Hyd-117768,4,464.5544,0.0339603758284009,am
NA,W-Hyd-117768,5,3870.1720000000005,0.13758569221310504,am
NA,W-Hyd-117768,7,4215.179,0.013397727942971692,am
NA,W-Hyd-117768,8,2570.454,0.8063742887199755,am
NA,W-Hyd-117782,1,14303.5591,0.8157430335256768,am
NA,W-Hyd-117782,2,26928.2668,0.5869591161196495,am
NA,W-Hyd-117782,3,5720.278,0.282192969102304,am
NA,W-Hyd-117782,4,10076.9345,0.7366553471846979,am
NA,W-Hyd-117782,5,7465.787200000001,0.2654108137384435,am
NA,W-Hyd-117782,6,592.962,0.07268320313462416,am
NA,W-Hyd-117782,7,1855.1782,0.0058965877390573275,am
NA,W-Hyd-117782,8,973.99,0.3055493284339532,am
NA,W-Hyd-117802,1,15588.7883,0.8890406484097778,am
NA,W-Hyd-117802,2,29589.5341,0.6449671236073844,am
NA,W-Hyd-117802,3,9781.9092,0.4825615119819602,am
NA,W-Hyd-117802,4,11767.1012,0.8602118054695578,am
NA,W-Hyd-117802,5,12965.912,0.4609417818366226,am
NA,W-Hyd-117802,6,6588.6677,0.8076157879014794,am
NA,W-Hyd-117802,7,2363.668,0.007512796209012243,am
NA,W-Hyd-117802,8,1825.1406000000002,0.572562844205323,am
NA,W-Hyd-117821,1,15559.641800000001,0.8873784009816774,am
NA,W-Hyd-117821,2,31198.594100000002,0.6800400246001614,am
NA,W-Hyd-117821,3,16620.4298,0.8199196670194022,am
NA,W-Hyd-117821,4,11296.0492,0.8257764348117406,am
NA,W-Hyd-117821,5,16840.8099,0.5986954811106102,am
NA,W-Hyd-117821,6,7698.8255,0.9436950389983245,am
NA,W-Hyd-117821,7,2383.6401,0.007576276493538671,am
NA,W-Hyd-117821,8,1806.6460000000002,0.5667609236418114,am
NA,W-Hyd-117824,1,15850.7283,0.9039792891150632,am
NA,W-Hyd-117824,2,31198.594100000002,0.6800400246001614,am
NA,W-Hyd-117824,3,17130.5106,0.845082992199416,am
NA,W-Hyd-117824,4,12115.3598,0.8856705955304693,am
NA,W-Hyd-117824,5,16981.229900000002,0.6036874512092425,am
NA,W-Hyd-117824,6,8158.171,1,am
NA,W-Hyd-117824,7,2383.6401,0.007576276493538671,am
NA,W-Hyd-117824,8,1825.1406000000002,0.572562844205323,am
NA,W-Hyd-117870,1,14542.0592,0.8293448786126227,am
NA,W-Hyd-117870,2,42008.8578,0.9156728216716882,am
NA,W-Hyd-117870,3,19166.0333,0.9454994744732038,am
NA,W-Hyd-117870,4,6577.6034,0.4808433275288482,am
NA,W-Hyd-117870,5,9037.3093,0.321278861969037,am
NA,W-Hyd-117870,7,6966.9762,0.022144172694151004,am
NA,W-Hyd-117870,8,3169.1740000000004,0.9941980794364884,am
NA,W-Hyd-117887,1,15559.641800000001,0.8873784009816774,am
NA,W-Hyd-117887,2,31198.594100000002,0.6800400246001614,am
NA,W-Hyd-117887,3,16620.4298,0.8199196670194022,am
NA,W-Hyd-117887,4,11296.0492,0.8257764348117406,am
NA,W-Hyd-117887,5,16840.8099,0.5986954811106102,am
NA,W-Hyd-117887,6,7698.8255,0.9436950389983245,am
NA,W-Hyd-117887,7,2383.6401,0.007576276493538671,am
NA,W-Hyd-117887,8,1806.6460000000002,0.5667609236418114,am
NA,W-Hyd-117906,1,15559.641800000001,0.8873784009816774,am
NA,W-Hyd-117906,2,31198.594100000002,0.6800400246001614,am
NA,W-Hyd-117906,3,9271.8284,0.45739818680194644,am
NA,W-Hyd-117906,4,10947.7906,0.800317644750829,am
NA,W-Hyd-117906,5,12825.492,0.4559498117379902,am
NA,W-Hyd-117906,6,7860.243100000001,0.9634810425032768,am
NA,W-Hyd-117906,7,2363.668,0.007512796209012243,am
NA,W-Hyd-117906,8,1806.6460000000002,0.5667609236418114,am
NA,W-Hyd-117965,7,1972.9568,0.006270940913692162,am
NA,W-Hyd-117970,1,17225.6878,0.9823942923784781,am
NA,W-Hyd-117970,2,42972.212400000004,0.9366711937067498,am
NA,W-Hyd-117970,3,19552.9873,0.9645887037319938,am
NA,W-Hyd-117970,4,11296.0492,0.8257764348117406,am
NA,W-Hyd-117970,5,24313.3547,0.864346529410644,am
NA,W-Hyd-117970,6,6568.9023,0.8051930144636585,am
NA,W-Hyd-117970,7,6843.4794,0.021751644517239044,am
NA,W-Hyd-117970,8,3169.1740000000004,0.9941980794364884,am
NA,W-Hyd-135278,1,9946.8143,0.5672745093910635,am
NA,W-Hyd-135278,2,34542.206,0.7529211907014696,am
NA,W-Hyd-135278,3,19552.9873,0.9645887037319938,am
NA,W-Hyd-135278,4,12820.052,0.9371857936543977,am
NA,W-Hyd-135278,5,24298.0872,0.8638037655345518,am
NA,W-Hyd-135278,6,4631.0917,0.5676629847547937,am
NA,W-Hyd-135278,7,8917.420900000001,0.028343560064986513,am
NA,W-Hyd-135278,8,3169.1740000000004,0.9941980794364884,am
NA,W-Hyd-135403,1,17516.7743,0.9989951805118639,am
NA,W-Hyd-135403,2,38559.7863,0.8404929382388089,am
NA,W-Hyd-135403,3,19476.9779,0.9608390051569098,am
NA,W-Hyd-135403,4,12115.3598,0.8856705955304693,am
NA,W-Hyd-135403,5,22415.6947,0.7968841880250103,am
NA,W-Hyd-135403,6,8158.171,1,am
NA,W-Hyd-135403,7,4274.2657,0.01358553195595619,am
NA,W-Hyd-135403,8,3187.6686000000004,1,am
NA,W-Hyd-135407,2,2942.0009,0.06412719618060281,am
NA,W-Hyd-135407,7,6071.2827,0.019297257335802495,am
NA,W-Hyd-135417,1,17516.7743,0.9989951805118639,am
NA,W-Hyd-135417,2,42972.212400000004,0.9366711937067498,am
NA,W-Hyd-135417,3,20063.0681,0.9897520289120075,am
NA,W-Hyd-135417,4,12115.3598,0.8856705955304693,am
NA,W-Hyd-135417,5,24453.7747,0.8693384995092764,am
NA,W-Hyd-135417,6,6568.9023,0.8051930144636585,am
NA,W-Hyd-135417,7,6843.4794,0.021751644517239044,am
NA,W-Hyd-135417,8,3187.6686000000004,1,am
NA,W-Hyd-135420,1,17516.7743,0.9989951805118639,am
NA,W-Hyd-135420,2,42972.212400000004,0.9366711937067498,am
NA,W-Hyd-135420,3,20063.0681,0.9897520289120075,am
NA,W-Hyd-135420,4,12115.3598,0.8856705955304693,am
NA,W-Hyd-135420,5,24453.7747,0.8693384995092764,am
NA,W-Hyd-135420,6,7860.243100000001,0.9634810425032768,am
NA,W-Hyd-135420,7,6843.4794,0.021751644517239044,am
NA,W-Hyd-135420,8,3187.6686000000004,1,am
NA,W-Hyd-135423,1,17516.7743,0.9989951805118639,am
NA,W-Hyd-135423,2,38559.7863,0.8404929382388089,am
NA,W-Hyd-135423,3,19476.9779,0.9608390051569098,am
NA,W-Hyd-135423,4,12115.3598,0.8856705955304693,am
NA,W-Hyd-135423,5,22415.6947,0.7968841880250103,am
NA,W-Hyd-135423,6,6750.0853,0.8274017914064317,am
NA,W-Hyd-135423,7,4274.2657,0.01358553195595619,am
NA,W-Hyd-135423,8,3187.6686000000004,1,am
NA,W-Hyd-135426,1,10131.7603,0.5778221227524428,am
NA,W-Hyd-135426,2,37447.5787,0.8162499969947197,am
NA,W-Hyd-135426,3,19704.1541,0.9720460699861678,am
NA,W-Hyd-135426,4,13230.9561,0.9672241651894231,am
NA,W-Hyd-135426,5,27474.1849,0.976714923124176,am
NA,W-Hyd-135426,6,4916.4229000000005,0.6026378829274356,am
NA,W-Hyd-135426,7,314618.9427,1,am
NA,W-Hyd-135426,8,3187.6686000000004,1,am
NA,W-Hyd-135427,1,17516.7743,0.9989951805118639,am
NA,W-Hyd-135427,2,38559.7863,0.8404929382388089,am
NA,W-Hyd-135427,3,19476.9779,0.9608390051569098,am
NA,W-Hyd-135427,4,12115.3598,0.8856705955304693,am
NA,W-Hyd-135427,5,22415.6947,0.7968841880250103,am
NA,W-Hyd-135427,6,6730.3199,0.8249790179686108,am
NA,W-Hyd-135427,7,4274.2657,0.01358553195595619,am
NA,W-Hyd-135427,8,3187.6686000000004,1,am
NA,W-Hyd-135429,1,15297.431700000001,0.8724243562645783,am
NA,W-Hyd-135429,2,42972.212400000004,0.9366711937067498,am
NA,W-Hyd-135429,3,19317.200100000002,0.9529568407273779,am
NA,W-Hyd-135429,4,7442.054,0.544037363062871,am
NA,W-Hyd-135429,5,11574.6918,0.41148351635440256,am
NA,W-Hyd-135429,7,8265.1627,0.026270391188368835,am
NA,W-Hyd-135429,8,3187.6686000000004,1,am
NA,W-Hyd-135433,1,17516.7743,0.9989951805118639,am
NA,W-Hyd-135433,2,38559.7863,0.8404929382388089,am
NA,W-Hyd-135433,3,19476.9779,0.9608390051569098,am
NA,W-Hyd-135433,4,12115.3598,0.8856705955304693,am
NA,W-Hyd-135433,5,22415.6947,0.7968841880250103,am
NA,W-Hyd-135433,6,8158.171,1,am
NA,W-Hyd-135433,7,4274.2657,0.01358553195595619,am
NA,W-Hyd-135433,8,3187.6686000000004,1,am
NA,W-Hyd-135439,1,9114.5573,0.5198102492648562,am
NA,W-Hyd-135439,2,34542.206,0.7529211907014696,am
NA,W-Hyd-135439,3,19166.0333,0.9454994744732038,am
NA,W-Hyd-135439,4,8630.9019,0.6309458531919175,am
NA,W-Hyd-135439,5,11574.6918,0.41148351635440256,am
NA,W-Hyd-135439,7,10726.9132,0.03409493753918206,am
NA,W-Hyd-135439,8,3169.1740000000004,0.9941980794364884,am
NA,W-Hyd-135441,1,15850.7283,0.9039792891150632,am
NA,W-Hyd-135441,2,31198.594100000002,0.6800400246001614,am
NA,W-Hyd-135441,3,17130.5106,0.845082992199416,am
NA,W-Hyd-135441,4,12115.3598,0.8856705955304693,am
NA,W-Hyd-135441,5,16981.229900000002,0.6036874512092425,am
NA,W-Hyd-135441,6,8158.171,1,am
NA,W-Hyd-135441,7,2383.6401,0.007576276493538671,am
NA,W-Hyd-135441,8,1825.1406000000002,0.572562844205323,am
NA,W-Hyd-135445,1,17516.7743,0.9989951805118639,am
NA,W-Hyd-135445,2,38559.7863,0.8404929382388089,am
NA,W-Hyd-135445,3,19476.9779,0.9608390051569098,am
NA,W-Hyd-135445,4,12115.3598,0.8856705955304693,am
NA,W-Hyd-135445,5,22415.6947,0.7968841880250103,am
NA,W-Hyd-135445,6,6730.3199,0.8249790179686108,am
NA,W-Hyd-135445,7,4274.2657,0.01358553195595619,am
NA,W-Hyd-135445,8,3187.6686000000004,1,am
NA,W-Hyd-135446,1,17516.7743,0.9989951805118639,am
NA,W-Hyd-135446,2,38559.7863,0.8404929382388089,am
NA,W-Hyd-135446,3,19476.9779,0.9608390051569098,am
NA,W-Hyd-135446,4,12115.3598,0.8856705955304693,am
NA,W-Hyd-135446,5,22415.6947,0.7968841880250103,am
NA,W-Hyd-135446,6,8158.171,1,am
NA,W-Hyd-135446,7,4274.2657,0.01358553195595619,am
NA,W-Hyd-135446,8,3187.6686000000004,1,am
NA,W-Hyd-135449,1,17516.7743,0.9989951805118639,am
NA,W-Hyd-135449,2,38559.7863,0.8404929382388089,am
NA,W-Hyd-135449,3,19476.9779,0.9608390051569098,am
NA,W-Hyd-135449,4,12115.3598,0.8856705955304693,am
NA,W-Hyd-135449,5,22415.6947,0.7968841880250103,am
NA,W-Hyd-135449,6,6730.3199,0.8249790179686108,am
NA,W-Hyd-135449,7,4274.2657,0.01358553195595619,am
NA,W-Hyd-135449,8,3187.6686000000004,1,am
NA,W-Hyd-135451,2,12484.3013,0.2721220237025946,am
NA,W-Hyd-135451,5,1852.4520000000002,0.06585518439789004,am
NA,W-Hyd-135451,7,4441.9183,0.01411840705419801,am
NA,W-Hyd-135455,1,17516.7743,0.9989951805118639,am
NA,W-Hyd-135455,2,38559.7863,0.8404929382388089,am
NA,W-Hyd-135455,3,19476.9779,0.9608390051569098,am
NA,W-Hyd-135455,4,12115.3598,0.8856705955304693,am
NA,W-Hyd-135455,5,22415.6947,0.7968841880250103,am
NA,W-Hyd-135455,6,8158.171,1,am
NA,W-Hyd-135455,7,4274.2657,0.01358553195595619,am
NA,W-Hyd-135455,8,3187.6686000000004,1,am
NA,W-Hyd-135484,1,17516.7743,0.9989951805118639,am
NA,W-Hyd-135484,2,38559.7863,0.8404929382388089,am
NA,W-Hyd-135484,3,19476.9779,0.9608390051569098,am
NA,W-Hyd-135484,4,12115.3598,0.8856705955304693,am
NA,W-Hyd-135484,5,22415.6947,0.7968841880250103,am
NA,W-Hyd-135484,6,6730.3199,0.8249790179686108,am
NA,W-Hyd-135484,7,4274.2657,0.01358553195595619,am
NA,W-Hyd-135484,8,3187.6686000000004,1,am
NA,W-Hyd-135504,1,17516.7743,0.9989951805118639,am
NA,W-Hyd-135504,2,38559.7863,0.8404929382388089,am
NA,W-Hyd-135504,3,19476.9779,0.9608390051569098,am
NA,W-Hyd-135504,4,12115.3598,0.8856705955304693,am
NA,W-Hyd-135504,5,22415.6947,0.7968841880250103,am
NA,W-Hyd-135504,6,8158.171,1,am
NA,W-Hyd-135504,7,4274.2657,0.01358553195595619,am
NA,W-Hyd-135504,8,3187.6686000000004,1,am
NA,W-Hyd-151860,1,15260.7126,0.8703302376041162,am
NA,W-Hyd-151860,2,27777.0633,0.6054604495736633,am
NA,W-Hyd-151860,3,7147.9609,0.35262347553705903,am
NA,W-Hyd-151860,4,10096.4918,0.7380850468241563,am
NA,W-Hyd-151860,5,12825.492,0.4559498117379902,am
NA,W-Hyd-151860,6,7860.243100000001,0.9634810425032768,am
NA,W-Hyd-151860,7,2363.668,0.007512796209012243,am
NA,W-Hyd-151860,8,973.99,0.3055493284339532,am
NA,W-Hyd-157917,1,15260.7126,0.8703302376041162,am
NA,W-Hyd-157917,2,27777.0633,0.6054604495736633,am
NA,W-Hyd-157917,3,5720.278,0.282192969102304,am
NA,W-Hyd-157917,4,9483.9725,0.6933079752257622,am
NA,W-Hyd-157917,5,2629.6238000000003,0.09348385828409066,am
NA,W-Hyd-157917,7,1855.1782,0.0058965877390573275,am
NA,W-Hyd-157917,8,973.99,0.3055493284339532,am
NA,W-Hyd-157947,1,15260.7126,0.8703302376041162,am
NA,W-Hyd-157947,2,27777.0633,0.6054604495736633,am
NA,W-Hyd-157947,3,7147.9609,0.35262347553705903,am
NA,W-Hyd-157947,4,10096.4918,0.7380850468241563,am
NA,W-Hyd-157947,5,12825.492,0.4559498117379902,am
NA,W-Hyd-157947,6,6568.9023,0.8051930144636585,am
NA,W-Hyd-157947,7,2363.668,0.007512796209012243,am
NA,W-Hyd-157947,8,973.99,0.3055493284339532,am
NA,W-Hyd-196554,1,12471.5228,0.7112605869931101,am
NA,W-Hyd-196554,2,35104.2207,0.7651715020196213,am
NA,W-Hyd-196554,3,19090.0239,0.9417497758981197,am
NA,W-Hyd-196554,4,7242.333,0.5294371349285039,am
NA,W-Hyd-196554,5,9215.197900000001,0.3276028512304497,am
NA,W-Hyd-196554,7,4274.2657,0.01358553195595619,am
NA,W-Hyd-196554,8,3187.6686000000004,1,am
NA,W-Hyd-196556,1,17516.7743,0.9989951805118639,am
NA,W-Hyd-196556,2,38559.7863,0.8404929382388089,am
NA,W-Hyd-196556,3,19476.9779,0.9608390051569098,am
NA,W-Hyd-196556,4,12115.3598,0.8856705955304693,am
NA,W-Hyd-196556,5,22415.6947,0.7968841880250103,am
NA,W-Hyd-196556,6,6730.3199,0.8249790179686108,am
NA,W-Hyd-196556,7,4274.2657,0.01358553195595619,am
NA,W-Hyd-196556,8,3187.6686000000004,1,am
NA,W-Hyd-284054,1,17481.3182,0.9969730917178246,am
NA,W-Hyd-284054,2,37241.4428,0.8117568245761915,am
NA,W-Hyd-284054,3,19090.0239,0.9417497758981197,am
NA,W-Hyd-284054,4,9202.0124,0.6726958123345841,am
NA,W-Hyd-284054,5,7817.350100000001,0.2779089727228366,am
NA,W-Hyd-284054,7,2383.6401,0.007576276493538671,am
NA,W-Hyd-284054,8,3187.6686000000004,1,am
NA,W-Hyd-284249,1,17441.0783,0.994678179111439,am
NA,W-Hyd-284249,2,33024.8441,0.7198470457417341,am
NA,W-Hyd-284249,3,18141.9866,0.8949811642140841,am
NA,W-Hyd-284249,4,11248.5956,0.8223074286191169,am
NA,W-Hyd-284249,5,8209.2345,0.2918405722593733,am
NA,W-Hyd-284249,7,2383.6401,0.007576276493538671,am
NA,W-Hyd-284249,8,3074.1246,0.9643802370171103,am
NA,W-Hyd-284646,1,14303.5591,0.8157430335256768,am
NA,W-Hyd-284646,2,26928.2668,0.5869591161196495,am
NA,W-Hyd-284646,3,5720.278,0.282192969102304,am
NA,W-Hyd-284646,4,10076.9345,0.7366553471846979,am
NA,W-Hyd-284646,5,11134.292800000001,0.3958272092794304,am
NA,W-Hyd-284646,6,4429.3197,0.5429304803736034,am
NA,W-Hyd-284646,7,1855.1782,0.0058965877390573275,am
NA,W-Hyd-284646,8,973.99,0.3055493284339532,am
NA,W-Hyd-284982,1,15850.7283,0.9039792891150632,am
NA,W-Hyd-284982,2,31198.594100000002,0.6800400246001614,am
NA,W-Hyd-284982,3,17130.5106,0.845082992199416,am
NA,W-Hyd-284982,4,12115.3598,0.8856705955304693,am
NA,W-Hyd-284982,5,16981.229900000002,0.6036874512092425,am
NA,W-Hyd-284982,6,8158.171,1,am
NA,W-Hyd-284982,7,2383.6401,0.007576276493538671,am
NA,W-Hyd-284982,8,1825.1406000000002,0.572562844205323,am
NA,W-Hyd-285265,1,15559.641800000001,0.8873784009816774,am
NA,W-Hyd-285265,2,31198.594100000002,0.6800400246001614,am
NA,W-Hyd-285265,3,16620.4298,0.8199196670194022,am
NA,W-Hyd-285265,4,11296.0492,0.8257764348117406,am
NA,W-Hyd-285265,5,16840.8099,0.5986954811106102,am
NA,W-Hyd-285265,6,7860.243100000001,0.9634810425032768,am
NA,W-Hyd-285265,7,2383.6401,0.007576276493538671,am
NA,W-Hyd-285265,8,1806.6460000000002,0.5667609236418114,am
NA,W-Hyd-285860,1,12316.9887,0.7024473878001093,am
NA,W-Hyd-285860,2,8603.093700000001,0.18752281056746378,am
NA,W-Hyd-285860,3,8884.8744,0.4383089575431564,am
NA,W-Hyd-285860,4,6758.6404999999995,0.49407770428834885,am
NA,W-Hyd-285860,5,197.654,0.007026654734903013,am
NA,W-Hyd-285860,7,547.6044,0.001740532198412985,am
NA,W-Hyd-285860,8,1806.6460000000002,0.5667609236418114,am
NA,W-Hyd-287252,1,12471.5228,0.7112605869931101,am
NA,W-Hyd-287252,2,39516.6468,0.8613497574875622,am
NA,W-Hyd-287252,3,20063.0681,0.9897520289120075,am
NA,W-Hyd-287252,4,12115.3598,0.8856705955304693,am
NA,W-Hyd-287252,5,24453.7747,0.8693384995092764,am
NA,W-Hyd-287252,6,8019.8132000000005,0.9830405859352543,am
NA,W-Hyd-287252,7,6843.4794,0.021751644517239044,am
NA,W-Hyd-287252,8,3187.6686000000004,1,am
NA,W-Hyd-287481,1,15559.641800000001,0.8873784009816774,am
NA,W-Hyd-287481,2,31198.594100000002,0.6800400246001614,am
NA,W-Hyd-287481,3,16620.4298,0.8199196670194022,am
NA,W-Hyd-287481,4,11296.0492,0.8257764348117406,am
NA,W-Hyd-287481,5,15149.610700000001,0.5385728786520503,am
NA,W-Hyd-287481,6,4429.3197,0.5429304803736034,am
NA,W-Hyd-287481,7,2383.6401,0.007576276493538671,am
NA,W-Hyd-287481,8,1806.6460000000002,0.5667609236418114,am
NA,W-Hyd-289899,1,15551.7991,0.8869311257375019,am
NA,W-Hyd-289899,2,27777.0633,0.6054604495736633,am
NA,W-Hyd-289899,3,6230.3588,0.3073562942823177,am
NA,W-Hyd-289899,4,10029.4809,0.7331863409920742,am
NA,W-Hyd-289899,5,2629.6238000000003,0.09348385828409066,am
NA,W-Hyd-289899,7,1855.1782,0.0058965877390573275,am
NA,W-Hyd-289899,8,992.4846,0.31135124899746475,am
NA,W-Hyd-292482,1,12480.7338,0.7117858974441157,am
NA,W-Hyd-292482,2,30235.2395,0.6590416525650997,am
NA,W-Hyd-292482,3,11760.1231,0.5801508343821037,am
NA,W-Hyd-292482,4,3655.5364,0.2672311143719651,am
NA,W-Hyd-292482,5,19.7654,7.026654734903013e-4,am
NA,W-Hyd-292482,7,2324.5534000000002,0.007388472480554172,am
NA,W-Hyd-292482,8,1226.4206000000001,0.38473905348881,am
NA,W-Hyd-418879,1,15559.641800000001,0.8873784009816774,am
NA,W-Hyd-418879,2,31198.594100000002,0.6800400246001614,am
NA,W-Hyd-418879,3,9271.8284,0.45739818680194644,am
NA,W-Hyd-418879,4,10947.7906,0.800317644750829,am
NA,W-Hyd-418879,5,11134.292800000001,0.3958272092794304,am
NA,W-Hyd-418879,6,4429.3197,0.5429304803736034,am
NA,W-Hyd-418879,7,2363.668,0.007512796209012243,am
NA,W-Hyd-418879,8,1806.6460000000002,0.5667609236418114,am
NA,W-Hyd-418901,1,15551.7991,0.8869311257375019,am
NA,W-Hyd-418901,2,27777.0633,0.6054604495736633,am
NA,W-Hyd-418901,3,6230.3588,0.3073562942823177,am
NA,W-Hyd-418901,4,10896.2451,0.7965495079034267,am
NA,W-Hyd-418901,5,4819.4074,0.17133127498880174,am
NA,W-Hyd-418901,6,118.5924,0.014536640626924833,am
NA,W-Hyd-418901,7,1855.1782,0.0058965877390573275,am
NA,W-Hyd-418901,8,992.4846,0.31135124899746475,am
NA,W-Iso-118204,1,2072.8974,0.118218941274797,am
NA,W-Iso-118204,2,19410.1938,0.4230866502169051,am
NA,W-Iso-118204,3,5322.649,0.2625771203426493,am
NA,W-Iso-118204,4,4249.3488,0.31064065322374373,am
NA,W-Iso-118204,5,15697.1427,0.5580377937072019,am
NA,W-Iso-118204,7,6966.9762,0.022144172694151004,am
NA,W-Iso-118204,8,224.51999999999998,0.07043392151869236,am
NA,W-Iso-118801,1,17225.6878,0.9823942923784781,am
NA,W-Iso-118801,2,40057.8489,0.8731464137156599,am
NA,W-Iso-118801,3,19494.9442,0.9617253193431753,am
NA,W-Iso-118801,4,11296.0492,0.8257764348117406,am
NA,W-Iso-118801,5,22275.2747,0.7918922179263779,am
NA,W-Iso-118801,6,7860.243100000001,0.9634810425032768,am
NA,W-Iso-118801,7,4203.886,0.013361833727883798,am
NA,W-Iso-118801,8,3169.1740000000004,0.9941980794364884,am
NA,W-Iso-118917,1,15588.7883,0.8890406484097778,am
NA,W-Iso-118917,2,29589.5341,0.6449671236073844,am
NA,W-Iso-118917,3,8717.7857,0.43006613152028755,am
NA,W-Iso-118917,4,10915.8024,0.7979792075428851,am
NA,W-Iso-118917,5,12965.912,0.4609417818366226,am
NA,W-Iso-118917,6,8158.171,1,am
NA,W-Iso-118917,7,2363.668,0.007512796209012243,am
NA,W-Iso-118917,8,1825.1406000000002,0.572562844205323,am
NA,W-Iso-256048,1,8280.7683,0.47225861799426283,am
NA,W-Iso-256048,2,21402.757700000002,0.4665188381940356,am
NA,W-Iso-256048,3,16233.4758,0.8008304377606122,am
NA,W-Iso-256048,4,8656.503999999999,0.632817446568272,am
NA,W-Iso-256048,5,4667.5761,0.1659336299977999,am
NA,W-Iso-256048,7,2383.6401,0.007576276493538671,am
NA,W-Iso-256048,8,1806.6460000000002,0.5667609236418114,am
NA,W-Iso-260262,2,13954.7265,0.3041730829899327,am
NA,W-Iso-260262,3,586.0902,0.02891302375509777,am
NA,W-Iso-260262,4,1524.0028,0.11140935884265714,am
NA,W-Iso-260262,5,6407.5545,0.2277903465984706,am
NA,W-Iso-260262,7,11712.9412,0.0372289764229762,am
NA,W-Iso-260464,1,15445.6586,0.8808778509654955,am
NA,W-Iso-260464,2,27777.0633,0.6054604495736633,am
NA,W-Iso-260464,3,7299.1277,0.36008084179123306,am
NA,W-Iso-260464,4,10096.4918,0.7380850468241563,am
NA,W-Iso-260464,5,12886.0236,0.45810172697244667,am
NA,W-Iso-260464,6,7860.243100000001,0.9634810425032768,am
NA,W-Iso-260464,7,2363.668,0.007512796209012243,am
NA,W-Iso-260464,8,992.4846,0.31135124899746475,am
NA,W-Iso-261827,1,15445.6586,0.8808778509654955,am
NA,W-Iso-261827,2,27777.0633,0.6054604495736633,am
NA,W-Iso-261827,3,7299.1277,0.36008084179123306,am
NA,W-Iso-261827,4,10096.4918,0.7380850468241563,am
NA,W-Iso-261827,5,12371.4536,0.43980862019525496,am
NA,W-Iso-261827,6,4631.0917,0.5676629847547937,am
NA,W-Iso-261827,7,2363.668,0.007512796209012243,am
NA,W-Iso-261827,8,992.4846,0.31135124899746475,am
NA,W-Iso-261982,1,15588.7883,0.8890406484097778,am
NA,W-Iso-261982,2,29589.5341,0.6449671236073844,am
NA,W-Iso-261982,3,7658.041700000001,0.37778680071707277,am
NA,W-Iso-261982,4,10915.8024,0.7979792075428851,am
NA,W-Iso-261982,5,12965.912,0.4609417818366226,am
NA,W-Iso-261982,6,8158.171,1,am
NA,W-Iso-261982,7,2363.668,0.007512796209012243,am
NA,W-Iso-261982,8,992.4846,0.31135124899746475,am
NA,W-Msc-138709,1,17516.7743,0.9989951805118639,am
NA,W-Msc-138709,2,40057.8489,0.8731464137156599,am
NA,W-Msc-138709,3,20005.025,0.986888644523189,am
NA,W-Msc-138709,4,12115.3598,0.8856705955304693,am
NA,W-Msc-138709,5,24453.7747,0.8693384995092764,am
NA,W-Msc-138709,6,8158.171,1,am
NA,W-Msc-138709,7,6053.3460000000005,0.019240246464663997,am
NA,W-Msc-138709,8,3187.6686000000004,1,am
NA,W-Msc-138757,2,5282.9973,0.115154215037356,am
NA,W-Msc-138757,3,1427.6829,0.07043050643475504,am
NA,W-Msc-138757,4,1780.3341,0.13014797650418952,am
NA,W-Msc-138757,5,4591.8504,0.16324156027768877,am
NA,W-Msc-138757,7,1905.4616,0.006056410919341634,am
163080,W-Msc-138803,1,36.989200000000004,0.002109522672275879,am
163080,W-Msc-138803,2,22166.6578,0.48316967320060616,am
163080,W-Msc-138803,3,1466.7975000000001,0.07236010935077573,am
163080,W-Msc-138803,4,8650.9899,0.632414348656907,am
163080,W-Msc-138803,5,14484.3567,0.5149229137183117,am
163080,W-Msc-138803,7,4274.2657,0.01358553195595619,am
NA,W-Msc-138821,1,16996.6421,0.9693316390327096,am
NA,W-Msc-138821,2,40057.8489,0.8731464137156599,am
NA,W-Msc-138821,3,19494.9442,0.9617253193431753,am
NA,W-Msc-138821,4,11296.0492,0.8257764348117406,am
NA,W-Msc-138821,5,15462.811500000002,0.5497072542998764,am
NA,W-Msc-138821,6,118.5924,0.014536640626924833,am
NA,W-Msc-138821,7,4203.886,0.013361833727883798,am
NA,W-Msc-138821,8,3169.1740000000004,0.9941980794364884,am
162986,W-Msc-138849,1,13291.9979,0.7580529162537543,am
162986,W-Msc-138849,2,36681.0827,0.7995425788006439,am
162986,W-Msc-138849,3,14026.8327,0.6919722374881583,am
162986,W-Msc-138849,4,10675.4817,0.7804110146867967,am
162986,W-Msc-138849,5,18733.826800000003,0.6659927589984163,am
162986,W-Msc-138849,6,6480.0645,0.7943035883900939,am
162986,W-Msc-138849,7,10726.9132,0.03409493753918206,am
162986,W-Msc-138849,8,3113.0440000000003,0.9765895990568154,am
163095,W-Msc-138852,1,17225.6878,0.9823942923784781,am
163095,W-Msc-138852,2,45877.585100000004,0.9999999999999999,am
163095,W-Msc-138852,3,19552.9873,0.9645887037319938,am
163095,W-Msc-138852,4,12859.9962,0.9401058392812711,am
163095,W-Msc-138852,5,27988.7549,0.9950080299013676,am
163095,W-Msc-138852,6,7860.243100000001,0.9634810425032768,am
163095,W-Msc-138852,7,314618.9427,1,am
163095,W-Msc-138852,8,3169.1740000000004,0.9941980794364884,am
NA,W-Msc-139029,1,16366.2021,0.9333771584408178,am
NA,W-Msc-139029,2,40008.2465,0.8720652234156064,am
NA,W-Msc-139029,3,19552.9873,0.9645887037319938,am
NA,W-Msc-139029,4,11199.3107,0.8187045486837096,am
NA,W-Msc-139029,5,18775.761300000002,0.6674835421496846,am
NA,W-Msc-139029,6,592.962,0.07268320313462416,am
NA,W-Msc-139029,7,6966.9762,0.022144172694151004,am
NA,W-Msc-139029,8,3169.1740000000004,0.9941980794364884,am
NA,W-Msc-139033,1,13305.9398,0.758848033589209,am
NA,W-Msc-139033,2,43762.7354,0.953902331707516,am
NA,W-Msc-139033,3,19166.0333,0.9454994744732038,am
NA,W-Msc-139033,4,8574.1076,0.62679401269076,am
NA,W-Msc-139033,5,14750.7895,0.5243946739440267,am
NA,W-Msc-139033,7,314618.9427,1,am
NA,W-Msc-139033,8,3169.1740000000004,0.9941980794364884,am
NA,W-Msc-139035,1,17225.6878,0.9823942923784781,am
NA,W-Msc-139035,2,44656.6084,0.9733862037999903,am
NA,W-Msc-139035,3,19552.9873,0.9645887037319938,am
NA,W-Msc-139035,4,12820.052,0.9371857936543977,am
NA,W-Msc-139035,5,20381.103600000002,0.7245539079071956,am
NA,W-Msc-139035,6,592.962,0.07268320313462416,am
NA,W-Msc-139035,7,27671.4312,0.08795220962389942,am
NA,W-Msc-139035,8,3169.1740000000004,0.9941980794364884,am
NA,W-Msc-139048,1,17225.6878,0.9823942923784781,am
NA,W-Msc-139048,2,44656.6084,0.9733862037999903,am
NA,W-Msc-139048,3,19552.9873,0.9645887037319938,am
NA,W-Msc-139048,4,12820.052,0.9371857936543977,am
NA,W-Msc-139048,5,20381.103600000002,0.7245539079071956,am
NA,W-Msc-139048,6,592.962,0.07268320313462416,am
NA,W-Msc-139048,7,27671.4312,0.08795220962389942,am
NA,W-Msc-139048,8,3169.1740000000004,0.9941980794364884,am
NA,W-Msc-139106,1,17225.6878,0.9823942923784781,am
NA,W-Msc-139106,2,42972.212400000004,0.9366711937067498,am
NA,W-Msc-139106,3,19552.9873,0.9645887037319938,am
NA,W-Msc-139106,4,12227.09,0.8938384216954619,am
NA,W-Msc-139106,5,14616.789,0.519630918857844,am
NA,W-Msc-139106,7,8917.420900000001,0.028343560064986513,am
NA,W-Msc-139106,8,3169.1740000000004,0.9941980794364884,am
NA,W-Msc-139178,1,15297.431700000001,0.8724243562645783,am
NA,W-Msc-139178,2,42972.212400000004,0.9366711937067498,am
NA,W-Msc-139178,3,19619.9841,0.9678937923854392,am
NA,W-Msc-139178,4,7242.333,0.5294371349285039,am
NA,W-Msc-139178,5,11075.3893,0.3937331734533031,am
NA,W-Msc-139178,7,6966.9762,0.022144172694151004,am
NA,W-Msc-139178,8,3187.6686000000004,1,am
NA,W-Msc-139185,1,17429.1284,0.9939966670759954,am
NA,W-Msc-139185,2,44656.6084,0.9733862037999903,am
NA,W-Msc-139185,3,19704.1541,0.9720460699861678,am
NA,W-Msc-139185,4,12995.4301,0.9500064798605146,am
NA,W-Msc-139185,5,26073.3669,0.9269154531795385,am
NA,W-Msc-139185,6,4429.3197,0.5429304803736034,am
NA,W-Msc-139185,7,52884.7748,0.1680915152347564,am
NA,W-Msc-139185,8,3187.6686000000004,1,am
163338,W-Msc-139422,1,17225.6878,0.9823942923784781,am
163338,W-Msc-139422,2,45693.0789,0.9959782931120321,am
163338,W-Msc-139422,3,19552.9873,0.9645887037319938,am
163338,W-Msc-139422,4,12859.9962,0.9401058392812711,am
163338,W-Msc-139422,5,27764.5661,0.9870380556380983,am
163338,W-Msc-139422,6,7860.243100000001,0.9634810425032768,am
163338,W-Msc-139422,7,102204.1328,0.3248505379965477,am
163338,W-Msc-139422,8,3169.1740000000004,0.9941980794364884,am
162906,W-Msc-139424,2,13734.8875,0.29938122222566593,am
162906,W-Msc-139424,3,2013.7731,0.09934353018985281,am
162906,W-Msc-139424,4,3520.5135,0.2573605191748459,am
162906,W-Msc-139424,5,11580.6555,0.4116955275499389,am
162906,W-Msc-139424,7,314579.8281,0.999875676271542,am
NA,W-Msc-139478,1,15559.641800000001,0.8873784009816774,am
NA,W-Msc-139478,2,31198.594100000002,0.6800400246001614,am
NA,W-Msc-139478,3,16620.4298,0.8199196670194022,am
NA,W-Msc-139478,4,11296.0492,0.8257764348117406,am
NA,W-Msc-139478,5,16840.8099,0.5986954811106102,am
NA,W-Msc-139478,6,7860.243100000001,0.9634810425032768,am
NA,W-Msc-139478,7,2383.6401,0.007576276493538671,am
NA,W-Msc-139478,8,1806.6460000000002,0.5667609236418114,am
NA,W-Msc-139523,1,17516.7743,0.9989951805118639,am
NA,W-Msc-139523,2,42972.212400000004,0.9366711937067498,am
NA,W-Msc-139523,3,20063.0681,0.9897520289120075,am
NA,W-Msc-139523,4,12115.3598,0.8856705955304693,am
NA,W-Msc-139523,5,24453.7747,0.8693384995092764,am
NA,W-Msc-139523,6,6568.9023,0.8051930144636585,am
NA,W-Msc-139523,7,6966.9762,0.022144172694151004,am
NA,W-Msc-139523,8,3187.6686000000004,1,am
NA,W-Msc-139557,1,17225.6878,0.9823942923784781,am
NA,W-Msc-139557,2,37241.4428,0.8117568245761915,am
NA,W-Msc-139557,3,18966.897100000002,0.935675679976896,am
NA,W-Msc-139557,4,11296.0492,0.8257764348117406,am
NA,W-Msc-139557,5,20422.8227,0.7260370335284879,am
NA,W-Msc-139557,6,7860.243100000001,0.9634810425032768,am
NA,W-Msc-139557,7,2383.6401,0.007576276493538671,am
NA,W-Msc-139557,8,3169.1740000000004,0.9941980794364884,am
NA,W-Msc-139682,2,5282.9973,0.115154215037356,am
NA,W-Msc-139682,7,1396.9718,0.0044402024493867195,am
NA,W-Msc-140048,1,5599.5185,0.319344869031453,am
NA,W-Msc-140048,2,29651.5812,0.6463195727361857,am
NA,W-Msc-140048,3,15799.9364,0.7794430557996601,am
NA,W-Msc-140048,4,367.8159,0.026888489700369906,am
NA,W-Msc-140048,5,3870.1720000000005,0.13758569221310504,am
NA,W-Msc-140048,7,4215.179,0.013397727942971692,am
NA,W-Msc-140048,8,2289.804,0.71833188682161,am
NA,W-Msc-140103,1,14745.499800000001,0.8409472533101401,am
NA,W-Msc-140103,2,42008.8578,0.9156728216716882,am
NA,W-Msc-140103,3,19317.200100000002,0.9529568407273779,am
NA,W-Msc-140103,4,6912.7582999999995,0.5053441962424587,am
NA,W-Msc-140103,5,9536.6118,0.33902920487013644,am
NA,W-Msc-140103,7,8265.1627,0.026270391188368835,am
NA,W-Msc-140103,8,3187.6686000000004,1,am
NA,W-Msc-140151,1,12277.2932,0.7001835227465983,am
NA,W-Msc-140151,2,30235.2395,0.6590416525650997,am
NA,W-Msc-140151,3,13771.5391,0.6793780840262433,am
NA,W-Msc-140151,4,3262.0848,0.2384685750304248,am
NA,W-Msc-140151,5,19.7654,7.026654734903013e-4,am
NA,W-Msc-140151,7,2324.5534000000002,0.007388472480554172,am
NA,W-Msc-140151,8,1207.926,0.37893713292529846,am
NA,W-Msc-140152,1,17516.7743,0.9989951805118639,am
NA,W-Msc-140152,2,40057.8489,0.8731464137156599,am
NA,W-Msc-140152,3,20005.025,0.986888644523189,am
NA,W-Msc-140152,4,11841.5576,0.8656548005780527,am
NA,W-Msc-140152,5,14269.190100000002,0.5072736811771894,am
NA,W-Msc-140152,6,118.5924,0.014536640626924833,am
NA,W-Msc-140152,7,6053.3460000000005,0.019240246464663997,am
NA,W-Msc-140152,8,3187.6686000000004,1,am
NA,W-Msc-140161,1,15798.5385,0.9010028644732342,am
NA,W-Msc-140161,2,31198.594100000002,0.6800400246001614,am
NA,W-Msc-140161,3,17130.5106,0.845082992199416,am
NA,W-Msc-140161,4,12115.3598,0.8856705955304693,am
NA,W-Msc-140161,5,16981.229900000002,0.6036874512092425,am
NA,W-Msc-140161,6,8158.171,1,am
NA,W-Msc-140161,7,2383.6401,0.007576276493538671,am
NA,W-Msc-140161,8,1825.1406000000002,0.572562844205323,am
NA,W-Msc-140170,1,14997.509800000002,0.8553195784385625,am
NA,W-Msc-140170,2,31198.594100000002,0.6800400246001614,am
NA,W-Msc-140170,3,13222.2752,0.6522817766856367,am
NA,W-Msc-140170,4,7304.1489,0.533956070054661,am
NA,W-Msc-140170,5,197.654,0.007026654734903013,am
NA,W-Msc-140170,7,2363.668,0.007512796209012243,am
NA,W-Msc-140170,8,1825.1406000000002,0.572562844205323,am
NA,W-Msc-140187,1,13943.3392,0.795199414143399,am
NA,W-Msc-140187,2,43693.2538,0.9523878317649287,am
NA,W-Msc-140187,3,16704.0966,0.8240471207388349,am
NA,W-Msc-140187,4,4786.0876,0.3498779338730819,am
NA,W-Msc-140187,5,6427.3199,0.2284930120719609,am
NA,W-Msc-140187,7,19138.2905,0.060830064254106336,am
NA,W-Msc-140187,8,2570.454,0.8063742887199755,am
NA,W-Msc-140197,1,15048.0524,0.8582020619909446,am
NA,W-Msc-140197,2,42913.6192,0.9353940297088567,am
NA,W-Msc-140197,3,18847.9633,0.9298084332891268,am
NA,W-Msc-140197,4,8455.5152,0.6181245382989728,am
NA,W-Msc-140197,5,14750.7895,0.5243946739440267,am
NA,W-Msc-140197,7,314618.9427,1,am
NA,W-Msc-140197,8,3113.0440000000003,0.9765895990568154,am
NA,W-Msc-140223,1,15850.7283,0.9039792891150632,am
NA,W-Msc-140223,2,31198.594100000002,0.6800400246001614,am
NA,W-Msc-140223,3,17130.5106,0.845082992199416,am
NA,W-Msc-140223,4,12115.3598,0.8856705955304693,am
NA,W-Msc-140223,5,16981.229900000002,0.6036874512092425,am
NA,W-Msc-140223,6,8158.171,1,am
NA,W-Msc-140223,7,2383.6401,0.007576276493538671,am
NA,W-Msc-140223,8,1825.1406000000002,0.572562844205323,am
NA,W-Msc-140233,1,4175.4343,0.23812824614883163,am
NA,W-Msc-140233,2,29169.9039,0.6358203867186548,am
NA,W-Msc-140233,3,12577.469500000001,0.6204721976796705,am
NA,W-Msc-140233,4,348.2586,0.025458790060911566,am
NA,W-Msc-140233,5,3870.1720000000005,0.13758569221310504,am
NA,W-Msc-140233,7,3706.6892000000003,0.011781519473016778,am
NA,W-Msc-140233,8,2195.184,0.6886487510025352,am
NA,W-Msc-140430,1,17516.7743,0.9989951805118639,am
NA,W-Msc-140430,2,37241.4428,0.8117568245761915,am
NA,W-Msc-140430,3,19476.9779,0.9608390051569098,am
NA,W-Msc-140430,4,12115.3598,0.8856705955304693,am
NA,W-Msc-140430,5,20563.242700000003,0.7310290036271202,am
NA,W-Msc-140430,6,5135.9093,0.6295417563569089,am
NA,W-Msc-140430,7,2383.6401,0.007576276493538671,am
NA,W-Msc-140430,8,3187.6686000000004,1,am
NA,W-Msc-140431,1,15559.641800000001,0.8873784009816774,am
NA,W-Msc-140431,2,31198.594100000002,0.6800400246001614,am
NA,W-Msc-140431,3,16620.4298,0.8199196670194022,am
NA,W-Msc-140431,4,11296.0492,0.8257764348117406,am
NA,W-Msc-140431,5,12097.3771,0.4300651243062234,am
NA,W-Msc-140431,6,3743.2949,0.4588399654775562,am
NA,W-Msc-140431,7,2383.6401,0.007576276493538671,am
NA,W-Msc-140431,8,1806.6460000000002,0.5667609236418114,am
NA,W-Msc-140435,2,16267.4278,0.3545833496802777,am
NA,W-Msc-140435,3,58.043099999999995,0.002863384388818505,am
NA,W-Msc-140435,4,39.9442,0.002920045626873432,am
NA,W-Msc-140435,5,6842.4409000000005,0.243250679208511,am
NA,W-Msc-140435,7,81686.9179,0.25963763401840456,am
NA,W-Msc-140440,1,17516.7743,0.9989951805118639,am
NA,W-Msc-140440,2,40057.8489,0.8731464137156599,am
NA,W-Msc-140440,3,20005.025,0.986888644523189,am
NA,W-Msc-140440,4,12115.3598,0.8856705955304693,am
NA,W-Msc-140440,5,20724.4955,0.7367615855664504,am
NA,W-Msc-140440,6,4429.3197,0.5429304803736034,am
NA,W-Msc-140440,7,6053.3460000000005,0.019240246464663997,am
NA,W-Msc-140440,8,3187.6686000000004,1,am
NA,W-Msc-140467,1,17225.6878,0.9823942923784781,am
NA,W-Msc-140467,2,40057.8489,0.8731464137156599,am
NA,W-Msc-140467,3,19494.9442,0.9617253193431753,am
NA,W-Msc-140467,4,11296.0492,0.8257764348117406,am
NA,W-Msc-140467,5,16915.569900000002,0.6013532199268312,am
NA,W-Msc-140467,6,812.6551,0.09961241312544196,am
NA,W-Msc-140467,7,6053.3460000000005,0.019240246464663997,am
NA,W-Msc-140467,8,3169.1740000000004,0.9941980794364884,am
NA,W-Msc-140472,1,17225.6878,0.9823942923784781,am
NA,W-Msc-140472,2,37241.4428,0.8117568245761915,am
NA,W-Msc-140472,3,18966.897100000002,0.935675679976896,am
NA,W-Msc-140472,4,11296.0492,0.8257764348117406,am
NA,W-Msc-140472,5,20422.8227,0.7260370335284879,am
NA,W-Msc-140472,6,6730.3199,0.8249790179686108,am
NA,W-Msc-140472,7,2383.6401,0.007576276493538671,am
NA,W-Msc-140472,8,3169.1740000000004,0.9941980794364884,am
NA,W-Msc-140474,1,17516.7743,0.9989951805118639,am
NA,W-Msc-140474,2,37241.4428,0.8117568245761915,am
NA,W-Msc-140474,3,19476.9779,0.9608390051569098,am
NA,W-Msc-140474,4,12115.3598,0.8856705955304693,am
NA,W-Msc-140474,5,20563.242700000003,0.7310290036271202,am
NA,W-Msc-140474,6,8158.171,1,am
NA,W-Msc-140474,7,2383.6401,0.007576276493538671,am
NA,W-Msc-140474,8,3187.6686000000004,1,am
NA,W-Msc-140480,1,15850.7283,0.9039792891150632,am
NA,W-Msc-140480,2,31198.594100000002,0.6800400246001614,am
NA,W-Msc-140480,3,13609.229200000002,0.6713710059444267,am
NA,W-Msc-140480,4,11767.1012,0.8602118054695578,am
NA,W-Msc-140480,5,12965.912,0.4609417818366226,am
NA,W-Msc-140480,6,8158.171,1,am
NA,W-Msc-140480,7,2363.668,0.007512796209012243,am
NA,W-Msc-140480,8,1825.1406000000002,0.572562844205323,am
NA,W-Msc-140481,1,16347.492100000001,0.9323101126761546,am
NA,W-Msc-140481,2,35285.0995,0.7691141419734405,am
NA,W-Msc-140481,3,18648.827100000002,0.919984638792819,am
NA,W-Msc-140481,4,10002.7777,0.7312342537708124,am
NA,W-Msc-140481,5,22097.3861,0.7855682286649652,am
NA,W-Msc-140481,6,7213.7733,0.88423904083403,am
NA,W-Msc-140481,7,4274.2657,0.01358553195595619,am
NA,W-Msc-140481,8,3113.0440000000003,0.9765895990568154,am
NA,W-Msc-140584,2,16468.1652,0.358958850255612,am
NA,W-Msc-140584,3,1921.0815,0.09477086469792338,am
NA,W-Msc-140584,4,199.721,0.01460022813436716,am
NA,W-Msc-140584,5,4389.8345,0.1560598387832556,am
NA,W-Msc-140584,7,7697.5862,0.024466378705429424,am
163267,W-Msc-140609,1,3346.4044,0.19084803003048886,am
163267,W-Msc-140609,2,28904.0877,0.6300263546347822,am
163267,W-Msc-140609,3,6088.113,0.3003390191351426,am
163267,W-Msc-140609,4,5813.2958,0.4249700576932743,am
163267,W-Msc-140609,5,19372.5429,0.6886992941979254,am
163267,W-Msc-140609,6,2138.7832,0.26216454644061765,am
163267,W-Msc-140609,7,314618.9427,1,am
163267,W-Msc-140609,8,338.06399999999996,0.10605368450158212,am
NA,W-Msc-140627,1,15850.7283,0.9039792891150632,am
NA,W-Msc-140627,2,31198.594100000002,0.6800400246001614,am
NA,W-Msc-140627,3,13609.229200000002,0.6713710059444267,am
NA,W-Msc-140627,4,11767.1012,0.8602118054695578,am
NA,W-Msc-140627,5,12965.912,0.4609417818366226,am
NA,W-Msc-140627,6,8158.171,1,am
NA,W-Msc-140627,7,2363.668,0.007512796209012243,am
NA,W-Msc-140627,8,1825.1406000000002,0.572562844205323,am
NA,W-Msc-140629,1,15850.7283,0.9039792891150632,am
NA,W-Msc-140629,2,31198.594100000002,0.6800400246001614,am
NA,W-Msc-140629,3,13609.229200000002,0.6713710059444267,am
NA,W-Msc-140629,4,11767.1012,0.8602118054695578,am
NA,W-Msc-140629,5,12965.912,0.4609417818366226,am
NA,W-Msc-140629,6,8158.171,1,am
NA,W-Msc-140629,7,2363.668,0.007512796209012243,am
NA,W-Msc-140629,8,1825.1406000000002,0.572562844205323,am
NA,W-Msc-140640,1,15850.7283,0.9039792891150632,am
NA,W-Msc-140640,2,31198.594100000002,0.6800400246001614,am
NA,W-Msc-140640,3,15195.740600000001,0.7496368459054659,am
NA,W-Msc-140640,4,12115.3598,0.8856705955304693,am
NA,W-Msc-140640,5,5333.977400000001,0.18962438176599342,am
NA,W-Msc-140640,6,118.5924,0.014536640626924833,am
NA,W-Msc-140640,7,2363.668,0.007512796209012243,am
NA,W-Msc-140640,8,1825.1406000000002,0.572562844205323,am
163375,W-Msc-140649,1,17429.1284,0.9939966670759954,am
163375,W-Msc-140649,2,42972.212400000004,0.9366711937067498,am
163375,W-Msc-140649,3,20006.9381,0.9869830216442292,am
163375,W-Msc-140649,4,11631.204099999999,0.8502773035253511,am
163375,W-Msc-140649,5,24873.1888,0.8842487875462,am
163375,W-Msc-140649,6,7860.243100000001,0.9634810425032768,am
163375,W-Msc-140649,7,8265.1627,0.026270391188368835,am
163375,W-Msc-140649,8,3187.6686000000004,1,am
NA,W-Msc-140702,1,16347.492100000001,0.9323101126761546,am
NA,W-Msc-140702,2,35285.0995,0.7691141419734405,am
NA,W-Msc-140702,3,18648.827100000002,0.919984638792819,am
NA,W-Msc-140702,4,10002.7777,0.7312342537708124,am
NA,W-Msc-140702,5,22097.3861,0.7855682286649652,am
NA,W-Msc-140702,6,4631.0917,0.5676629847547937,am
NA,W-Msc-140702,7,4274.2657,0.01358553195595619,am
NA,W-Msc-140702,8,3113.0440000000003,0.9765895990568154,am
NA,W-Msc-140721,2,14006.7039,0.305306041489965,am
NA,W-Msc-140721,3,58.043099999999995,0.002863384388818505,am
NA,W-Msc-140721,4,1563.947,0.11432940446953056,am
NA,W-Msc-140721,5,7565.9322,0.26897099637287974,am
NA,W-Msc-140721,7,312623.6833,0.993658171428341,am
NA,W-Msc-140732,1,17516.7743,0.9989951805118639,am
NA,W-Msc-140732,2,40057.8489,0.8731464137156599,am
NA,W-Msc-140732,3,20005.025,0.986888644523189,am
NA,W-Msc-140732,4,12115.3598,0.8856705955304693,am
NA,W-Msc-140732,5,22415.6947,0.7968841880250103,am
NA,W-Msc-140732,6,8158.171,1,am
NA,W-Msc-140732,7,6053.3460000000005,0.019240246464663997,am
NA,W-Msc-140732,8,3187.6686000000004,1,am
NA,W-Msc-140814,2,5282.9973,0.115154215037356,am
NA,W-Msc-140814,4,1760.7768,0.1287182768647312,am
NA,W-Msc-140814,5,6124.4972,0.21772758076881948,am
NA,W-Msc-140814,7,1396.9718,0.0044402024493867195,am
NA,W-Msc-140816,1,15850.7283,0.9039792891150632,am
NA,W-Msc-140816,2,31198.594100000002,0.6800400246001614,am
NA,W-Msc-140816,3,11695.5692,0.5769662589631934,am
NA,W-Msc-140816,4,11767.1012,0.8602118054695578,am
NA,W-Msc-140816,5,12965.912,0.4609417818366226,am
NA,W-Msc-140816,6,8158.171,1,am
NA,W-Msc-140816,7,2363.668,0.007512796209012243,am
NA,W-Msc-140816,8,1825.1406000000002,0.572562844205323,am
NA,W-Msc-140835,1,15551.7991,0.8869311257375019,am
NA,W-Msc-140835,2,27777.0633,0.6054604495736633,am
NA,W-Msc-140835,3,6230.3588,0.3073562942823177,am
NA,W-Msc-140835,4,10896.2451,0.7965495079034267,am
NA,W-Msc-140835,5,10760.1428,0.38252607260087107,am
NA,W-Msc-140835,6,4429.3197,0.5429304803736034,am
NA,W-Msc-140835,7,1855.1782,0.0058965877390573275,am
NA,W-Msc-140835,8,992.4846,0.31135124899746475,am
NA,W-Msc-141134,1,17516.7743,0.9989951805118639,am
NA,W-Msc-141134,2,42972.212400000004,0.9366711937067498,am
NA,W-Msc-141134,3,20063.0681,0.9897520289120075,am
NA,W-Msc-141134,4,12115.3598,0.8856705955304693,am
NA,W-Msc-141134,5,24453.7747,0.8693384995092764,am
NA,W-Msc-141134,6,6568.9023,0.8051930144636585,am
NA,W-Msc-141134,7,6843.4794,0.021751644517239044,am
NA,W-Msc-141134,8,3187.6686000000004,1,am
NA,W-Msc-141579,1,15850.7283,0.9039792891150632,am
NA,W-Msc-141579,2,31198.594100000002,0.6800400246001614,am
NA,W-Msc-141579,3,11695.5692,0.5769662589631934,am
NA,W-Msc-141579,4,11767.1012,0.8602118054695578,am
NA,W-Msc-141579,5,12965.912,0.4609417818366226,am
NA,W-Msc-141579,6,8158.171,1,am
NA,W-Msc-141579,7,2363.668,0.007512796209012243,am
NA,W-Msc-141579,8,1825.1406000000002,0.572562844205323,am
NA,W-Msc-141607,1,17516.7743,0.9989951805118639,am
NA,W-Msc-141607,2,37241.4428,0.8117568245761915,am
NA,W-Msc-141607,3,19476.9779,0.9608390051569098,am
NA,W-Msc-141607,4,12115.3598,0.8856705955304693,am
NA,W-Msc-141607,5,15819.8099,0.5623986468227334,am
NA,W-Msc-141607,6,3743.2949,0.4588399654775562,am
NA,W-Msc-141607,7,2383.6401,0.007576276493538671,am
NA,W-Msc-141607,8,3187.6686000000004,1,am
NA,W-Msc-141630,2,4731.4715,0.10313253170773366,am
NA,W-Msc-141636,1,15260.7126,0.8703302376041162,am
NA,W-Msc-141636,2,27777.0633,0.6054604495736633,am
NA,W-Msc-141636,3,5720.278,0.282192969102304,am
NA,W-Msc-141636,4,10076.9345,0.7366553471846979,am
NA,W-Msc-141636,5,10619.7228,0.3775341025022387,am
NA,W-Msc-141636,6,4429.3197,0.5429304803736034,am
NA,W-Msc-141636,7,1855.1782,0.0058965877390573275,am
NA,W-Msc-141636,8,973.99,0.3055493284339532,am
NA,W-Msc-141662,1,16366.2021,0.9333771584408178,am
NA,W-Msc-141662,2,37093.883,0.8085404434245166,am
NA,W-Msc-141662,3,19494.9442,0.9617253193431753,am
NA,W-Msc-141662,4,10606.3487,0.7753571767247738,am
NA,W-Msc-141662,5,11469.2791,0.40773606551822467,am
NA,W-Msc-141662,7,6053.3460000000005,0.019240246464663997,am
NA,W-Msc-141662,8,3169.1740000000004,0.9941980794364884,am
163228,W-Msc-141680,5,22572.029300000002,0.8024419265849138,am
163228,W-Msc-141680,6,219.69310000000002,0.026929209990817795,am
163228,W-Msc-141680,7,61.13770000000001,1.9432301016374882e-4,am
NA,W-Msc-141821,1,14146.7798,0.8068017888409162,am
NA,W-Msc-141821,2,39094.4943,0.8521480416805983,am
NA,W-Msc-141821,3,16797.2203,0.8286411026041904,am
NA,W-Msc-141821,4,3397.5187,0.24836921560966818,am
NA,W-Msc-141821,5,5928.017400000001,0.21074266917086146,am
NA,W-Msc-141821,7,5994.2593,0.0190524424516795,am
NA,W-Msc-141821,8,2588.9486,0.812176209283487,am
NA,W-Msc-141879,2,5282.9973,0.115154215037356,am
NA,W-Msc-141879,3,1427.6829,0.07043050643475504,am
NA,W-Msc-141879,4,19.5573,0.0014296996394583387,am
NA,W-Msc-141879,7,1905.4616,0.006056410919341634,am
NA,W-Msc-141887,1,1609.06,0.09176593576103904,am
NA,W-Msc-141887,2,20131.2352,0.438803288275084,am
NA,W-Msc-141887,3,5322.649,0.2625771203426493,am
NA,W-Msc-141887,4,5773.3516,0.42205001206640086,am
NA,W-Msc-141887,5,16692.3576,0.5934179605104591,am
NA,W-Msc-141887,7,27671.4312,0.08795220962389942,am
NA,W-Msc-141887,8,224.51999999999998,0.07043392151869236,am
NA,W-Msc-141905,1,17149.9918,0.9780772909780533,am
NA,W-Msc-141905,2,33024.8441,0.7198470457417341,am
NA,W-Msc-141905,3,17631.9058,0.8698178390340704,am
NA,W-Msc-141905,4,11296.0492,0.8257764348117406,am
NA,W-Msc-141905,5,18405.1027,0.6543065257132729,am
NA,W-Msc-141905,6,7860.243100000001,0.9634810425032768,am
NA,W-Msc-141905,7,2383.6401,0.007576276493538671,am
NA,W-Msc-141905,8,3055.63,0.9585783164535987,am
162988,W-Msc-141962,1,15525.707600000002,0.8854431073212159,am
162988,W-Msc-141962,2,38612.7188,0.8416467151842305,am
162988,W-Msc-141962,3,18586.0233,0.916886399372828,am
162988,W-Msc-141962,4,10715.4259,0.7833310603136703,am
162988,W-Msc-141962,5,26423.3733,0.9393582781555387,am
162988,W-Msc-141962,6,7213.7733,0.88423904083403,am
162988,W-Msc-141962,7,72088.688,0.22913015783903085,am
162988,W-Msc-141962,8,3113.0440000000003,0.9765895990568154,am
NA,W-Msc-141983,1,17225.6878,0.9823942923784781,am
NA,W-Msc-141983,2,42972.212400000004,0.9366711937067498,am
NA,W-Msc-141983,3,19552.9873,0.9645887037319938,am
NA,W-Msc-141983,4,11296.0492,0.8257764348117406,am
NA,W-Msc-141983,5,24313.3547,0.864346529410644,am
NA,W-Msc-141983,6,7860.243100000001,0.9634810425032768,am
NA,W-Msc-141983,7,6966.9762,0.022144172694151004,am
NA,W-Msc-141983,8,3169.1740000000004,0.9941980794364884,am
NA,W-Msc-141987,1,17225.6878,0.9823942923784781,am
NA,W-Msc-141987,2,40057.8489,0.8731464137156599,am
NA,W-Msc-141987,3,19494.9442,0.9617253193431753,am
NA,W-Msc-141987,4,11296.0492,0.8257764348117406,am
NA,W-Msc-141987,5,24313.3547,0.864346529410644,am
NA,W-Msc-141987,6,6730.3199,0.8249790179686108,am
NA,W-Msc-141987,7,6053.3460000000005,0.019240246464663997,am
NA,W-Msc-141987,8,3169.1740000000004,0.9941980794364884,am
NA,W-Msc-146791,1,16347.492100000001,0.9323101126761546,am
NA,W-Msc-146791,2,40008.2465,0.8720652234156064,am
NA,W-Msc-146791,3,19234.9173,0.9488976625479167,am
NA,W-Msc-146791,4,11199.3107,0.8187045486837096,am
NA,W-Msc-146791,5,24135.4661,0.8580225401492313,am
NA,W-Msc-146791,6,7213.7733,0.88423904083403,am
NA,W-Msc-146791,7,4994.0194,0.015873231780458845,am
NA,W-Msc-146791,8,3113.0440000000003,0.9765895990568154,am
NA,W-Msc-153507,1,15850.7283,0.9039792891150632,am
NA,W-Msc-153507,2,31198.594100000002,0.6800400246001614,am
NA,W-Msc-153507,3,11695.5692,0.5769662589631934,am
NA,W-Msc-153507,4,11767.1012,0.8602118054695578,am
NA,W-Msc-153507,5,12965.912,0.4609417818366226,am
NA,W-Msc-153507,6,8158.171,1,am
NA,W-Msc-153507,7,2363.668,0.007512796209012243,am
NA,W-Msc-153507,8,1825.1406000000002,0.572562844205323,am
NA,W-Msc-156225,1,9079.860700000001,0.5178314753429847,am
NA,W-Msc-156225,2,38505.7776,0.8393157032147274,am
NA,W-Msc-156225,3,16646.0535,0.8211837363500164,am
NA,W-Msc-156225,4,464.5544,0.0339603758284009,am
NA,W-Msc-156225,5,5908.252,0.21004000369737114,am
NA,W-Msc-156225,7,5994.2593,0.0190524424516795,am
NA,W-Msc-156225,8,2345.934,0.7359403672012831,am
NA,W-Msc-156226,1,16611.366,0.9473590451935342,am
NA,W-Msc-156226,2,40057.8489,0.8731464137156599,am
NA,W-Msc-156226,3,19618.071,0.9677994152643989,am
NA,W-Msc-156226,4,7242.333,0.5294371349285039,am
NA,W-Msc-156226,5,9215.197900000001,0.3276028512304497,am
NA,W-Msc-156226,7,4203.886,0.013361833727883798,am
NA,W-Msc-156226,8,3187.6686000000004,1,am
NA,W-Msc-156716,1,17516.7743,0.9989951805118639,am
NA,W-Msc-156716,2,42972.212400000004,0.9366711937067498,am
NA,W-Msc-156716,3,20063.0681,0.9897520289120075,am
NA,W-Msc-156716,4,12115.3598,0.8856705955304693,am
NA,W-Msc-156716,5,24453.7747,0.8693384995092764,am
NA,W-Msc-156716,6,7860.243100000001,0.9634810425032768,am
NA,W-Msc-156716,7,6966.9762,0.022144172694151004,am
NA,W-Msc-156716,8,3187.6686000000004,1,am
NA,W-Msc-156916,1,17516.7743,0.9989951805118639,am
NA,W-Msc-156916,2,37241.4428,0.8117568245761915,am
NA,W-Msc-156916,3,19476.9779,0.9608390051569098,am
NA,W-Msc-156916,4,12115.3598,0.8856705955304693,am
NA,W-Msc-156916,5,15819.8099,0.5623986468227334,am
NA,W-Msc-156916,6,3743.2949,0.4588399654775562,am
NA,W-Msc-156916,7,4233.1001,0.01345468923031887,am
NA,W-Msc-156916,8,3187.6686000000004,1,am
NA,W-Msc-157006,1,17225.6878,0.9823942923784781,am
NA,W-Msc-157006,2,36641.6641,0.798683366182672,am
NA,W-Msc-157006,3,17631.9058,0.8698178390340704,am
NA,W-Msc-157006,4,11296.0492,0.8257764348117406,am
NA,W-Msc-157006,5,20422.8227,0.7260370335284879,am
NA,W-Msc-157006,6,6730.3199,0.8249790179686108,am
NA,W-Msc-157006,7,2383.6401,0.007576276493538671,am
NA,W-Msc-157006,8,3169.1740000000004,0.9941980794364884,am
NA,W-Msc-157007,1,15850.7283,0.9039792891150632,am
NA,W-Msc-157007,2,31198.594100000002,0.6800400246001614,am
NA,W-Msc-157007,3,17130.5106,0.845082992199416,am
NA,W-Msc-157007,4,12115.3598,0.8856705955304693,am
NA,W-Msc-157007,5,11481.1051,0.40815648311106345,am
NA,W-Msc-157007,6,592.962,0.07268320313462416,am
NA,W-Msc-157007,7,2383.6401,0.007576276493538671,am
NA,W-Msc-157007,8,1825.1406000000002,0.572562844205323,am
163353,W-Msc-157031,1,17079.4662,0.9740551614868542,am
163353,W-Msc-157031,2,45877.585100000004,0.9999999999999999,am
163353,W-Msc-157031,3,19552.9873,0.9645887037319938,am
163353,W-Msc-157031,4,12763.2577,0.9330339531532401,am
163353,W-Msc-157031,5,27988.7549,0.9950080299013676,am
163353,W-Msc-157031,6,7213.7733,0.88423904083403,am
163353,W-Msc-157031,7,314618.9427,1,am
163353,W-Msc-157031,8,3169.1740000000004,0.9941980794364884,am
NA,W-Msc-159928,1,15850.7283,0.9039792891150632,am
NA,W-Msc-159928,2,31198.594100000002,0.6800400246001614,am
NA,W-Msc-159928,3,17130.5106,0.845082992199416,am
NA,W-Msc-159928,4,12115.3598,0.8856705955304693,am
NA,W-Msc-159928,5,16981.229900000002,0.6036874512092425,am
NA,W-Msc-159928,6,8158.171,1,am
NA,W-Msc-159928,7,2383.6401,0.007576276493538671,am
NA,W-Msc-159928,8,1825.1406000000002,0.572562844205323,am
NA,W-Msc-160127,1,17225.6878,0.9823942923784781,am
NA,W-Msc-160127,2,42972.212400000004,0.9366711937067498,am
NA,W-Msc-160127,3,19552.9873,0.9645887037319938,am
NA,W-Msc-160127,4,11199.3107,0.8187045486837096,am
NA,W-Msc-160127,5,22622.1555,0.8042239269520842,am
NA,W-Msc-160127,6,4429.3197,0.5429304803736034,am
NA,W-Msc-160127,7,4994.0194,0.015873231780458845,am
NA,W-Msc-160127,8,3169.1740000000004,0.9941980794364884,am
NA,W-Msc-160204,1,16347.492100000001,0.9323101126761546,am
NA,W-Msc-160204,2,39697.5256,0.8652923974413814,am
NA,W-Msc-160204,3,19234.9173,0.9488976625479167,am
NA,W-Msc-160204,4,10863.2989,0.7941410379069793,am
NA,W-Msc-160204,5,24135.4661,0.8580225401492313,am
NA,W-Msc-160204,6,6083.8501,0.7457370162993642,am
NA,W-Msc-160204,7,6843.4794,0.021751644517239044,am
NA,W-Msc-160204,8,3113.0440000000003,0.9765895990568154,am
NA,W-Msc-181218,1,15850.7283,0.9039792891150632,am
NA,W-Msc-181218,2,31198.594100000002,0.6800400246001614,am
NA,W-Msc-181218,3,9781.9092,0.4825615119819602,am
NA,W-Msc-181218,4,11767.1012,0.8602118054695578,am
NA,W-Msc-181218,5,11274.712800000001,0.4008191793780627,am
NA,W-Msc-181218,6,4429.3197,0.5429304803736034,am
NA,W-Msc-181218,7,2363.668,0.007512796209012243,am
NA,W-Msc-181218,8,1825.1406000000002,0.572562844205323,am
163347,W-Msc-181379,7,3473.4216,0.011040090498657696,am
163163,W-Msc-181382,1,17225.6878,0.9823942923784781,am
163163,W-Msc-181382,2,44656.6084,0.9733862037999903,am
163163,W-Msc-181382,3,19552.9873,0.9645887037319938,am
163163,W-Msc-181382,4,12859.9962,0.9401058392812711,am
163163,W-Msc-181382,5,27764.5661,0.9870380556380983,am
163163,W-Msc-181382,6,7860.243100000001,0.9634810425032768,am
163163,W-Msc-181382,7,52884.7748,0.1680915152347564,am
163163,W-Msc-181382,8,3169.1740000000004,0.9941980794364884,am
162941,W-Msc-181386,1,75.69600000000001,0.004317001400424852,am
162941,W-Msc-181386,2,27147.2664,0.5917326803672585,am
162941,W-Msc-181386,3,6088.113,0.3003390191351426,am
162941,W-Msc-181386,4,5813.2958,0.4249700576932743,am
162941,W-Msc-181386,5,19372.5429,0.6886992941979254,am
162941,W-Msc-181386,7,314618.9427,1,am
162941,W-Msc-181386,8,113.544,0.03561976298288975,am
NA,W-Msc-183000,7,9436.7672,0.029994275357406824,am
NA,W-Msc-215410,5,1852.4520000000002,0.06585518439789004,am
NA,W-Msc-215410,7,164.66240000000002,5.233709025492826e-4,am
NA,W-Msc-215423,2,5282.9973,0.115154215037356,am
NA,W-Msc-215423,7,1396.9718,0.0044402024493867195,am
NA,W-Msc-225182,1,17410.6338,0.9929419057398575,am
NA,W-Msc-225182,2,37241.4428,0.8117568245761915,am
NA,W-Msc-225182,3,19118.0639,0.9431330462310701,am
NA,W-Msc-225182,4,11296.0492,0.8257764348117406,am
NA,W-Msc-225182,5,20483.3543,0.7281889487629444,am
NA,W-Msc-225182,6,6730.3199,0.8249790179686108,am
NA,W-Msc-225182,7,2383.6401,0.007576276493538671,am
NA,W-Msc-225182,8,3187.6686000000004,1,am
NA,W-Msc-240765,1,15588.7883,0.8890406484097778,am
NA,W-Msc-240765,2,29589.5341,0.6449671236073844,am
NA,W-Msc-240765,3,9781.9092,0.4825615119819602,am
NA,W-Msc-240765,4,11767.1012,0.8602118054695578,am
NA,W-Msc-240765,5,12965.912,0.4609417818366226,am
NA,W-Msc-240765,6,8158.171,1,am
NA,W-Msc-240765,7,2363.668,0.007512796209012243,am
NA,W-Msc-240765,8,1825.1406000000002,0.572562844205323,am
NA,W-Msc-240767,1,15850.7283,0.9039792891150632,am
NA,W-Msc-240767,2,31198.594100000002,0.6800400246001614,am
NA,W-Msc-240767,3,13609.229200000002,0.6713710059444267,am
NA,W-Msc-240767,4,11767.1012,0.8602118054695578,am
NA,W-Msc-240767,5,12965.912,0.4609417818366226,am
NA,W-Msc-240767,6,7028.2478,0.861497975465334,am
NA,W-Msc-240767,7,2363.668,0.007512796209012243,am
NA,W-Msc-240767,8,1825.1406000000002,0.572562844205323,am
NA,W-Msc-240774,1,15850.7283,0.9039792891150632,am
NA,W-Msc-240774,2,25915.5968,0.5648858095628054,am
NA,W-Msc-240774,3,15702.8277,0.774652485764661,am
NA,W-Msc-240774,4,10335.0257,0.7555226190262798,am
NA,W-Msc-240774,5,2133.6936,0.07585340158697651,am
NA,W-Msc-240774,6,4429.3197,0.5429304803736034,am
NA,W-Msc-240774,7,458.20640000000003,0.0014563852896706084,am
NA,W-Msc-240774,8,1825.1406000000002,0.572562844205323,am
NA,W-Msc-240776,1,15297.431700000001,0.8724243562645783,am
NA,W-Msc-240776,2,42972.212400000004,0.9366711937067498,am
NA,W-Msc-240776,3,19619.9841,0.9678937923854392,am
NA,W-Msc-240776,4,7242.333,0.5294371349285039,am
NA,W-Msc-240776,5,11075.3893,0.3937331734533031,am
NA,W-Msc-240776,7,6966.9762,0.022144172694151004,am
NA,W-Msc-240776,8,3187.6686000000004,1,am
NA,W-Msc-246814,1,17225.6878,0.9823942923784781,am
NA,W-Msc-246814,2,37241.4428,0.8117568245761915,am
NA,W-Msc-246814,3,18966.897100000002,0.935675679976896,am
NA,W-Msc-246814,4,11296.0492,0.8257764348117406,am
NA,W-Msc-246814,5,18731.6235,0.665914431069928,am
NA,W-Msc-246814,6,4429.3197,0.5429304803736034,am
NA,W-Msc-246814,7,2383.6401,0.007576276493538671,am
NA,W-Msc-246814,8,3169.1740000000004,0.9941980794364884,am
NA,W-Msc-248351,1,15588.7883,0.8890406484097778,am
NA,W-Msc-248351,2,29589.5341,0.6449671236073844,am
NA,W-Msc-248351,3,9781.9092,0.4825615119819602,am
NA,W-Msc-248351,4,11767.1012,0.8602118054695578,am
NA,W-Msc-248351,5,12965.912,0.4609417818366226,am
NA,W-Msc-248351,6,5135.9093,0.6295417563569089,am
NA,W-Msc-248351,7,2363.668,0.007512796209012243,am
NA,W-Msc-248351,8,1825.1406000000002,0.572562844205323,am
NA,W-Msc-254460,1,17225.6878,0.9823942923784781,am
NA,W-Msc-254460,2,44656.6084,0.9733862037999903,am
NA,W-Msc-254460,3,19552.9873,0.9645887037319938,am
NA,W-Msc-254460,4,12859.9962,0.9401058392812711,am
NA,W-Msc-254460,5,22404.8613,0.7964990576385517,am
NA,W-Msc-254460,6,118.5924,0.014536640626924833,am
NA,W-Msc-254460,7,58661.1173,0.18645132043411447,am
NA,W-Msc-254460,8,3169.1740000000004,0.9941980794364884,am
NA,W-Msc-254477,1,15850.7283,0.9039792891150632,am
NA,W-Msc-254477,2,25915.5968,0.5648858095628054,am
NA,W-Msc-254477,3,15702.8277,0.774652485764661,am
NA,W-Msc-254477,4,10335.0257,0.7555226190262798,am
NA,W-Msc-254477,5,2133.6936,0.07585340158697651,am
NA,W-Msc-254477,6,4429.3197,0.5429304803736034,am
NA,W-Msc-254477,7,458.20640000000003,0.0014563852896706084,am
NA,W-Msc-254477,8,1825.1406000000002,0.572562844205323,am
163218,W-Msc-341818,1,17410.6338,0.9929419057398575,am
163218,W-Msc-341818,2,45877.585100000004,0.9999999999999999,am
163218,W-Msc-341818,3,19704.1541,0.9720460699861678,am
163218,W-Msc-341818,4,12859.9962,0.9401058392812711,am
163218,W-Msc-341818,5,27988.7549,0.9950080299013676,am
163218,W-Msc-341818,6,7860.243100000001,0.9634810425032768,am
163218,W-Msc-341818,7,314618.9427,1,am
163218,W-Msc-341818,8,3187.6686000000004,1,am
176079,W-Msc-341869,3,1955.73,0.09648014580103431,am
176079,W-Msc-341869,4,219.2783,0.0160299277738255,am
176079,W-Msc-341869,5,22587.079,0.8029769476103616,am
176079,W-Msc-341869,6,219.69310000000002,0.026929209990817795,am
176079,W-Msc-341869,7,3418.9937,0.010867094239968024,am
NA,W-Msc-341951,1,14945.320000000002,0.8523431537967335,am
NA,W-Msc-341951,2,31198.594100000002,0.6800400246001614,am
NA,W-Msc-341951,3,13222.2752,0.6522817766856367,am
NA,W-Msc-341951,4,6933.189,0.506837744146509,am
NA,W-Msc-341951,5,197.654,0.007026654734903013,am
NA,W-Msc-341951,7,2363.668,0.007512796209012243,am
NA,W-Msc-341951,8,1825.1406000000002,0.572562844205323,am
NA,W-Msc-342023,1,17516.7743,0.9989951805118639,am
NA,W-Msc-342023,2,38559.7863,0.8404929382388089,am
NA,W-Msc-342023,3,19476.9779,0.9608390051569098,am
NA,W-Msc-342023,4,12115.3598,0.8856705955304693,am
NA,W-Msc-342023,5,22415.6947,0.7968841880250103,am
NA,W-Msc-342023,6,8158.171,1,am
NA,W-Msc-342023,7,2424.8057,0.007707119219175992,am
NA,W-Msc-342023,8,3187.6686000000004,1,am
176085,W-Msc-342067,7,1849.46,0.0058784127367802,am
163065,W-Msc-342092,1,16347.492100000001,0.9323101126761546,am
163065,W-Msc-342092,2,41381.9216,0.9020074075346219,am
163065,W-Msc-342092,3,19234.9173,0.9488976625479167,am
163065,W-Msc-342092,4,11526.780499999999,0.8426436126134695,am
163065,W-Msc-342092,5,23408.2511,0.8321698444130332,am
163065,W-Msc-342092,6,4429.3197,0.5429304803736034,am
163065,W-Msc-342092,7,26093.1411,0.08293569635723018,am
163065,W-Msc-342092,8,3113.0440000000003,0.9765895990568154,am
162562,W-Msc-342190,2,5626.1744,0.12263449324406571,am
162562,W-Msc-342190,7,2708.1859,0.008607828494873395,am
163089,W-Msc-342242,1,13655.9509,0.7788094372150841,am
163089,W-Msc-342242,2,38363.2535,0.8362090859050032,am
163089,W-Msc-342242,3,18847.9633,0.9298084332891268,am
163089,W-Msc-342242,4,6031.047,0.4408883496932754,am
163089,W-Msc-342242,5,11075.3893,0.3937331734533031,am
163089,W-Msc-342242,7,6843.4794,0.021751644517239044,am
163089,W-Msc-342242,8,3113.0440000000003,0.9765895990568154,am
NA,W-Msc-342305,1,17516.7743,0.9989951805118639,am
NA,W-Msc-342305,2,38559.7863,0.8404929382388089,am
NA,W-Msc-342305,3,19476.9779,0.9608390051569098,am
NA,W-Msc-342305,4,12115.3598,0.8856705955304693,am
NA,W-Msc-342305,5,22415.6947,0.7968841880250103,am
NA,W-Msc-342305,6,8158.171,1,am
NA,W-Msc-342305,7,4274.2657,0.01358553195595619,am
NA,W-Msc-342305,8,3187.6686000000004,1,am
162926,W-Msc-342313,1,9946.8143,0.5672745093910635,am
162926,W-Msc-342313,2,36226.602,0.7896362007947101,am
162926,W-Msc-342313,3,19552.9873,0.9645887037319938,am
162926,W-Msc-342313,4,12227.09,0.8938384216954619,am
162926,W-Msc-342313,5,15565.7235,0.5533658045547578,am
162926,W-Msc-342313,7,31768.6011,0.10097485175993505,am
162926,W-Msc-342313,8,3169.1740000000004,0.9941980794364884,am
163294,W-Msc-342337,1,14542.0592,0.8293448786126227,am
163294,W-Msc-342337,2,42008.8578,0.9156728216716882,am
163294,W-Msc-342337,3,19166.0333,0.9454994744732038,am
163294,W-Msc-342337,4,7106.8991,0.5195364943492604,am
163294,W-Msc-342337,5,11075.3893,0.3937331734533031,am
163294,W-Msc-342337,7,6966.9762,0.022144172694151004,am
163294,W-Msc-342337,8,3169.1740000000004,0.9941980794364884,am
163067,W-Msc-342386,1,17225.6878,0.9823942923784781,am
163067,W-Msc-342386,2,45693.0789,0.9959782931120321,am
163067,W-Msc-342386,3,19552.9873,0.9645887037319938,am
163067,W-Msc-342386,4,12859.9962,0.9401058392812711,am
163067,W-Msc-342386,5,27764.5661,0.9870380556380983,am
163067,W-Msc-342386,6,7860.243100000001,0.9634810425032768,am
163067,W-Msc-342386,7,102204.1328,0.3248505379965477,am
163067,W-Msc-342386,8,3169.1740000000004,0.9941980794364884,am
NA,W-Msc-343681,1,15525.707600000002,0.8854431073212159,am
NA,W-Msc-343681,2,33839.83,0.7376114049211365,am
NA,W-Msc-343681,3,18149.500200000002,0.8953518254114328,am
NA,W-Msc-343681,4,9151.4789,0.6690016558441396,am
NA,W-Msc-343681,5,22972.1619,0.8166667519280845,am
NA,W-Msc-343681,6,7213.7733,0.88423904083403,am
NA,W-Msc-343681,7,4203.886,0.013361833727883798,am
NA,W-Msc-343681,8,3113.0440000000003,0.9765895990568154,am
NA,W-Msc-367756,1,17464.5845,0.9960187558700349,am
NA,W-Msc-367756,2,38559.7863,0.8404929382388089,am
NA,W-Msc-367756,3,19476.9779,0.9608390051569098,am
NA,W-Msc-367756,4,12115.3598,0.8856705955304693,am
NA,W-Msc-367756,5,22415.6947,0.7968841880250103,am
NA,W-Msc-367756,6,5116.1439,0.6271189829190881,am
NA,W-Msc-367756,7,2424.8057,0.007707119219175992,am
NA,W-Msc-367756,8,3187.6686000000004,1,am
NA,W-Msc-367819,1,17225.6878,0.9823942923784781,am
NA,W-Msc-367819,2,44656.6084,0.9733862037999903,am
NA,W-Msc-367819,3,19552.9873,0.9645887037319938,am
NA,W-Msc-367819,4,12723.3135,0.9301139075263667,am
NA,W-Msc-367819,5,25740.8084,0.9150929059067424,am
NA,W-Msc-367819,6,7698.8255,0.9436950389983245,am
NA,W-Msc-367819,7,23972.5112,0.07619538415033901,am
NA,W-Msc-367819,8,3169.1740000000004,0.9941980794364884,am
NA,W-Msc-367837,1,15850.7283,0.9039792891150632,am
NA,W-Msc-367837,2,31198.594100000002,0.6800400246001614,am
NA,W-Msc-367837,3,17130.5106,0.845082992199416,am
NA,W-Msc-367837,4,12115.3598,0.8856705955304693,am
NA,W-Msc-367837,5,15290.030700000001,0.5435648487506827,am
NA,W-Msc-367837,6,4429.3197,0.5429304803736034,am
NA,W-Msc-367837,7,2383.6401,0.007576276493538671,am
NA,W-Msc-367837,8,1825.1406000000002,0.572562844205323,am
NA,W-Msc-367856,1,3609.2594,0.20583885389315892,am
NA,W-Msc-367856,2,34369.1187,0.749148383139286,am
NA,W-Msc-367856,3,8694.647500000001,0.4289246769690082,am
NA,W-Msc-367856,5,5908.252,0.21004000369737114,am
NA,W-Msc-367856,7,6275.9029,0.01994763203429963,am
NA,W-Msc-367856,8,1362.5280000000002,0.42743715579467706,am
NA,W-Msc-367883,1,15588.7883,0.8890406484097778,am
NA,W-Msc-367883,2,29589.5341,0.6449671236073844,am
NA,W-Msc-367883,3,9781.9092,0.4825615119819602,am
NA,W-Msc-367883,4,11767.1012,0.8602118054695578,am
NA,W-Msc-367883,5,12965.912,0.4609417818366226,am
NA,W-Msc-367883,6,8158.171,1,am
NA,W-Msc-367883,7,2363.668,0.007512796209012243,am
NA,W-Msc-367883,8,1825.1406000000002,0.572562844205323,am
NA,W-Msc-367955,1,15551.7991,0.8869311257375019,am
NA,W-Msc-367955,2,27777.0633,0.6054604495736633,am
NA,W-Msc-367955,3,7658.041700000001,0.37778680071707277,am
NA,W-Msc-367955,4,10915.8024,0.7979792075428851,am
NA,W-Msc-367955,5,12965.912,0.4609417818366226,am
NA,W-Msc-367955,6,7028.2478,0.861497975465334,am
NA,W-Msc-367955,7,2363.668,0.007512796209012243,am
NA,W-Msc-367955,8,992.4846,0.31135124899746475,am
NA,W-Msc-367964,1,17225.6878,0.9823942923784781,am
NA,W-Msc-367964,2,37241.4428,0.8117568245761915,am
NA,W-Msc-367964,3,18966.897100000002,0.935675679976896,am
NA,W-Msc-367964,4,11296.0492,0.8257764348117406,am
NA,W-Msc-367964,5,13610.3595,0.48385206990198637,am
NA,W-Msc-367964,6,118.5924,0.014536640626924833,am
NA,W-Msc-367964,7,2383.6401,0.007576276493538671,am
NA,W-Msc-367964,8,3169.1740000000004,0.9941980794364884,am
NA,W-Msc-381980,1,15850.7283,0.9039792891150632,am
NA,W-Msc-381980,2,31198.594100000002,0.6800400246001614,am
NA,W-Msc-381980,3,13609.229200000002,0.6713710059444267,am
NA,W-Msc-381980,4,11767.1012,0.8602118054695578,am
NA,W-Msc-381980,5,12965.912,0.4609417818366226,am
NA,W-Msc-381980,6,8158.171,1,am
NA,W-Msc-381980,7,2363.668,0.007512796209012243,am
NA,W-Msc-381980,8,1825.1406000000002,0.572562844205323,am
NA,W-Msc-385818,1,17516.7743,0.9989951805118639,am
NA,W-Msc-385818,2,36641.6641,0.798683366182672,am
NA,W-Msc-385818,3,18141.9866,0.8949811642140841,am
NA,W-Msc-385818,4,11248.5956,0.8223074286191169,am
NA,W-Msc-385818,5,12416.7381,0.4414184967792994,am
NA,W-Msc-385818,7,2383.6401,0.007576276493538671,am
NA,W-Msc-385818,8,3187.6686000000004,1,am
NA,W-Msc-386035,1,15516.343,0.8849090369434626,am
NA,W-Msc-386035,2,19239.316600000002,0.4193620165068366,am
NA,W-Msc-386035,3,8330.8317,0.4109769022614975,am
NA,W-Msc-386035,4,8002.455,0.5850044243469997,am
NA,W-Msc-386035,5,652.2582,0.023187960625179943,am
NA,W-Msc-386035,7,796.3802000000001,0.002531253182550346,am
NA,W-Msc-386035,8,1825.1406000000002,0.572562844205323,am
NA,W-Msc-386048,1,15850.7283,0.9039792891150632,am
NA,W-Msc-386048,2,31198.594100000002,0.6800400246001614,am
NA,W-Msc-386048,3,17130.5106,0.845082992199416,am
NA,W-Msc-386048,4,12115.3598,0.8856705955304693,am
NA,W-Msc-386048,5,16981.229900000002,0.6036874512092425,am
NA,W-Msc-386048,6,6750.0853,0.8274017914064317,am
NA,W-Msc-386048,7,2383.6401,0.007576276493538671,am
NA,W-Msc-386048,8,1825.1406000000002,0.572562844205323,am
NA,W-Msc-386338,1,15850.7283,0.9039792891150632,am
NA,W-Msc-386338,2,31198.594100000002,0.6800400246001614,am
NA,W-Msc-386338,3,11695.5692,0.5769662589631934,am
NA,W-Msc-386338,4,10900.337,0.7968486385582053,am
NA,W-Msc-386338,5,2629.6238000000003,0.09348385828409066,am
NA,W-Msc-386338,7,2363.668,0.007512796209012243,am
NA,W-Msc-386338,8,1825.1406000000002,0.572562844205323,am
NA,W-Msc-386342,1,15588.7883,0.8890406484097778,am
NA,W-Msc-386342,2,29589.5341,0.6449671236073844,am
NA,W-Msc-386342,3,8717.7857,0.43006613152028755,am
NA,W-Msc-386342,4,10049.038199999999,0.7346160406315325,am
NA,W-Msc-386342,5,2629.6238000000003,0.09348385828409066,am
NA,W-Msc-386342,7,2363.668,0.007512796209012243,am
NA,W-Msc-386342,8,1825.1406000000002,0.572562844205323,am
NA,W-Msc-386343,1,15482.6478,0.8829873736377715,am
NA,W-Msc-386343,2,29589.5341,0.6449671236073844,am
NA,W-Msc-386343,3,8358.8717,0.4123601725944479,am
NA,W-Msc-386343,4,10096.4918,0.7380850468241563,am
NA,W-Msc-386343,5,6013.0288,0.2137648481114887,am
NA,W-Msc-386343,6,118.5924,0.014536640626924833,am
NA,W-Msc-386343,7,2363.668,0.007512796209012243,am
NA,W-Msc-386343,8,1825.1406000000002,0.572562844205323,am
NA,W-Msc-386353,1,13918.370700000001,0.793775441285302,am
NA,W-Msc-386353,2,25776.7717,0.5618598198622272,am
NA,W-Msc-386353,3,6230.3588,0.3073562942823177,am
NA,W-Msc-386353,4,10029.4809,0.7331863409920742,am
NA,W-Msc-386353,5,2629.6238000000003,0.09348385828409066,am
NA,W-Msc-386353,7,1855.1782,0.0058965877390573275,am
NA,W-Msc-386353,8,992.4846,0.31135124899746475,am
NA,W-Msc-386360,1,15551.7991,0.8869311257375019,am
NA,W-Msc-386360,2,27777.0633,0.6054604495736633,am
NA,W-Msc-386360,3,6230.3588,0.3073562942823177,am
NA,W-Msc-386360,4,10896.2451,0.7965495079034267,am
NA,W-Msc-386360,5,6013.0288,0.2137648481114887,am
NA,W-Msc-386360,6,118.5924,0.014536640626924833,am
NA,W-Msc-386360,7,1855.1782,0.0058965877390573275,am
NA,W-Msc-386360,8,992.4846,0.31135124899746475,am
NA,W-Msc-386377,1,15570.7288,0.8880107011630148,am
NA,W-Msc-386377,2,29589.5341,0.6449671236073844,am
NA,W-Msc-386377,3,8330.8317,0.4109769022614975,am
NA,W-Msc-386377,4,8002.455,0.5850044243469997,am
NA,W-Msc-386377,5,652.2582,0.023187960625179943,am
NA,W-Msc-386377,7,2363.668,0.007512796209012243,am
NA,W-Msc-386377,8,1825.1406000000002,0.572562844205323,am
NA,W-Msc-386400,1,7617.255300000001,0.4344179586437014,am
NA,W-Msc-386400,2,29646.5228,0.6462093140992288,am
NA,W-Msc-386400,3,8487.764500000001,0.41871871704419483,am
NA,W-Msc-386400,4,251.72970000000004,0.018402226346732716,am
NA,W-Msc-386400,7,2324.5534000000002,0.007388472480554172,am
NA,W-Msc-386400,8,1001.9006,0.3143051319701176,am
NA,W-Msc-386437,1,15499.6093,0.8839547010956729,am
NA,W-Msc-386437,2,12057.071100000001,0.2628096285739329,am
NA,W-Msc-386437,3,8717.7857,0.43006613152028755,am
NA,W-Msc-386437,4,10049.038199999999,0.7346160406315325,am
NA,W-Msc-386437,5,2629.6238000000003,0.09348385828409066,am
NA,W-Msc-386437,7,547.6044,0.001740532198412985,am
NA,W-Msc-386437,8,1825.1406000000002,0.572562844205323,am
NA,W-Msc-386440,1,15260.7126,0.8703302376041162,am
NA,W-Msc-386440,2,27777.0633,0.6054604495736633,am
NA,W-Msc-386440,3,7147.9609,0.35262347553705903,am
NA,W-Msc-386440,4,10096.4918,0.7380850468241563,am
NA,W-Msc-386440,5,12825.492,0.4559498117379902,am
NA,W-Msc-386440,6,7860.243100000001,0.9634810425032768,am
NA,W-Msc-386440,7,2363.668,0.007512796209012243,am
NA,W-Msc-386440,8,973.99,0.3055493284339532,am
NA,W-Msc-386441,1,17441.0783,0.994678179111439,am
NA,W-Msc-386441,2,33024.8441,0.7198470457417341,am
NA,W-Msc-386441,3,18141.9866,0.8949811642140841,am
NA,W-Msc-386441,4,12115.3598,0.8856705955304693,am
NA,W-Msc-386441,5,18545.5227,0.6592984958119052,am
NA,W-Msc-386441,6,8158.171,1,am
NA,W-Msc-386441,7,2383.6401,0.007576276493538671,am
NA,W-Msc-386441,8,3074.1246,0.9643802370171103,am
NA,W-Msc-391007,7,5548.38,0.0176352382103406,am
NA,W-Msc-391795,1,17225.6878,0.9823942923784781,am
NA,W-Msc-391795,2,42972.212400000004,0.9366711937067498,am
NA,W-Msc-391795,3,19552.9873,0.9645887037319938,am
NA,W-Msc-391795,4,11296.0492,0.8257764348117406,am
NA,W-Msc-391795,5,18953.6499,0.6738075314110973,am
NA,W-Msc-391795,6,118.5924,0.014536640626924833,am
NA,W-Msc-391795,7,4994.0194,0.015873231780458845,am
NA,W-Msc-391795,8,3169.1740000000004,0.9941980794364884,am
NA,W-Msc-393720,1,17225.6878,0.9823942923784781,am
NA,W-Msc-393720,2,38559.7863,0.8404929382388089,am
NA,W-Msc-393720,3,18966.897100000002,0.935675679976896,am
NA,W-Msc-393720,4,11296.0492,0.8257764348117406,am
NA,W-Msc-393720,5,22275.2747,0.7918922179263779,am
NA,W-Msc-393720,6,7860.243100000001,0.9634810425032768,am
NA,W-Msc-393720,7,2424.8057,0.007707119219175992,am
NA,W-Msc-393720,8,3169.1740000000004,0.9941980794364884,am
NA,W-Msc-395234,2,7224.587100000001,0.1574753135818389,am
NA,W-Msc-395234,5,2247.9465,0.07991512399462523,am
NA,W-Msc-395234,7,243906.79690000002,0.7752451101857956,am
NA,W-Msc-397161,1,14053.7365,0.8014954575103288,am
NA,W-Msc-397161,2,10319.4463,0.2249343830436271,am
NA,W-Msc-397161,3,13609.229200000002,0.6713710059444267,am
NA,W-Msc-397161,4,10900.337,0.7968486385582053,am
NA,W-Msc-397161,5,2629.6238000000003,0.09348385828409066,am
NA,W-Msc-397161,7,547.6044,0.001740532198412985,am
NA,W-Msc-397161,8,1825.1406000000002,0.572562844205323,am
NA,W-Msc-399334,1,14833.5943,0.8459713507508203,am
NA,W-Msc-399334,2,39094.4943,0.8521480416805983,am
NA,W-Msc-399334,3,19561.941000000003,0.9650304079966207,am
NA,W-Msc-399334,4,7123.7406,0.5207676605367166,am
NA,W-Msc-399334,5,9037.3093,0.321278861969037,am
NA,W-Msc-399334,7,6053.3460000000005,0.019240246464663997,am
NA,W-Msc-399334,8,3187.6686000000004,1,am
NA,W-Msc-403751,1,14594.6456,0.8323439216590626,am
NA,W-Msc-403751,2,26928.2668,0.5869591161196495,am
NA,W-Msc-403751,3,6230.3588,0.3073562942823177,am
NA,W-Msc-403751,4,10029.4809,0.7331863409920742,am
NA,W-Msc-403751,5,2629.6238000000003,0.09348385828409066,am
NA,W-Msc-403751,7,1855.1782,0.0058965877390573275,am
NA,W-Msc-403751,8,992.4846,0.31135124899746475,am
NA,W-Msc-403752,1,15850.7283,0.9039792891150632,am
NA,W-Msc-403752,2,31198.594100000002,0.6800400246001614,am
NA,W-Msc-403752,3,13609.229200000002,0.6713710059444267,am
NA,W-Msc-403752,4,11767.1012,0.8602118054695578,am
NA,W-Msc-403752,5,7545.6756000000005,0.2682508686026194,am
NA,W-Msc-403752,6,592.962,0.07268320313462416,am
NA,W-Msc-403752,7,2363.668,0.007512796209012243,am
NA,W-Msc-403752,8,1825.1406000000002,0.572562844205323,am
61743,W-Msc-405014,1,15850.7283,0.9039792891150632,am
61743,W-Msc-405014,2,25915.5968,0.5648858095628054,am
61743,W-Msc-405014,3,8354.2263,0.4121310055472051,am
61743,W-Msc-405014,4,9986.7671,0.7300638289653683,am
61743,W-Msc-405014,5,2133.6936,0.07585340158697651,am
61743,W-Msc-405014,6,4429.3197,0.5429304803736034,am
61743,W-Msc-405014,7,458.20640000000003,0.0014563852896706084,am
61743,W-Msc-405014,8,1825.1406000000002,0.572562844205323,am
162939,W-Msc-410348,2,184.50619999999998,0.004021706887967823,am
162939,W-Msc-410348,7,210343.2283,0.6685650472755212,am
NA,W-Msc-413442,2,7741.2753,0.16873763697732205,am
NA,W-Msc-413442,5,3176.0977000000003,0.11291115758962414,am
NA,W-Msc-413442,7,148190.1267,0.4710146357630614,am
NA,W-Msc-420532,2,5282.9973,0.115154215037356,am
NA,W-Msc-420532,3,1427.6829,0.07043050643475504,am
NA,W-Msc-420532,4,1409.3742,0.10302965059603751,am
NA,W-Msc-420532,5,6044.6088,0.21488752590464358,am
NA,W-Msc-420532,7,1905.4616,0.006056410919341634,am
NA,W-Msc-420534,2,16449.9964,0.3585628224359176,am
NA,W-Msc-420534,3,1056.0942,0.05209927873255853,am
NA,W-Msc-420534,5,11816.504,0.42008000739474227,am
NA,W-Msc-420534,7,10901.0188,0.034648323163410086,am
NA,W-Msc-420571,1,12420.3081,0.7083397730581289,am
NA,W-Msc-420571,2,24946.9593,0.5437722854335678,am
NA,W-Msc-420571,3,6230.3588,0.3073562942823177,am
NA,W-Msc-420571,4,10896.2451,0.7965495079034267,am
NA,W-Msc-420571,5,8222.4792,0.29231142503223584,am
NA,W-Msc-420571,6,3743.2949,0.4588399654775562,am
NA,W-Msc-420571,7,458.20640000000003,0.0014563852896706084,am
NA,W-Msc-420571,8,992.4846,0.31135124899746475,am
NA,W-Msc-420690,1,16224.714600000001,0.9253080169321171,am
NA,W-Msc-420690,2,41159.7416,0.8971645196730287,am
NA,W-Msc-420690,3,19166.0333,0.9454994744732038,am
NA,W-Msc-420690,4,8124.9267,0.5939574876703547,am
NA,W-Msc-420690,5,11075.3893,0.3937331734533031,am
NA,W-Msc-420690,7,6843.4794,0.021751644517239044,am
NA,W-Msc-420690,8,3169.1740000000004,0.9941980794364884,am
NA,W-Msc-420694,1,14926.825400000002,0.8512883924605956,am
NA,W-Msc-420694,2,31198.594100000002,0.6800400246001614,am
NA,W-Msc-420694,3,16384.6426,0.8082878040147863,am
NA,W-Msc-420694,4,7106.8991,0.5195364943492604,am
NA,W-Msc-420694,5,4212.9719000000005,0.14977232410752297,am
NA,W-Msc-420694,7,2383.6401,0.007576276493538671,am
NA,W-Msc-420694,8,1825.1406000000002,0.572562844205323,am
NA,W-Msc-420705,1,8203.3392,0.46784277656098183,am
NA,W-Msc-420705,2,19347.0569,0.4217104465683831,am
NA,W-Msc-420705,3,7658.041700000001,0.37778680071707277,am
NA,W-Msc-420705,4,10915.8024,0.7979792075428851,am
NA,W-Msc-420705,5,12451.342,0.4426486750594309,am
NA,W-Msc-420705,6,8158.171,1,am
NA,W-Msc-420705,7,2363.668,0.007512796209012243,am
NA,W-Msc-420705,8,992.4846,0.31135124899746475,am
NA,W-Msc-420752,1,7281.5007000000005,0.41526961423449765,am
NA,W-Msc-420752,2,38610.8944,0.841606948487792,am
NA,W-Msc-420752,3,14591.2426,0.7198157278695234,am
NA,W-Msc-420752,4,1931.7629,0.14121789416990047,am
NA,W-Msc-420752,5,9583.6522,0.34070150418809475,am
NA,W-Msc-420752,7,206943.8576,0.6577603237238264,am
NA,W-Msc-420752,8,2195.184,0.6886487510025352,am
NA,W-Msc-420805,1,16762.326,0.9559684107004055,am
NA,W-Msc-420805,2,40057.8489,0.8731464137156599,am
NA,W-Msc-420805,3,19494.9442,0.9617253193431753,am
NA,W-Msc-420805,4,11199.3107,0.8187045486837096,am
NA,W-Msc-420805,5,20624.4299,0.7332042256241224,am
NA,W-Msc-420805,6,4631.0917,0.5676629847547937,am
NA,W-Msc-420805,7,6053.3460000000005,0.019240246464663997,am
NA,W-Msc-420805,8,3169.1740000000004,0.9941980794364884,am
NA,W-Msc-423165,1,17225.6878,0.9823942923784781,am
NA,W-Msc-423165,2,38559.7863,0.8404929382388089,am
NA,W-Msc-423165,3,18966.897100000002,0.935675679976896,am
NA,W-Msc-423165,4,11296.0492,0.8257764348117406,am
NA,W-Msc-423165,5,16915.569900000002,0.6013532199268312,am
NA,W-Msc-423165,6,118.5924,0.014536640626924833,am
NA,W-Msc-423165,7,2424.8057,0.007707119219175992,am
NA,W-Msc-423165,8,3169.1740000000004,0.9941980794364884,am
NA,W-Msc-430397,1,15559.641800000001,0.8873784009816774,am
NA,W-Msc-430397,2,31198.594100000002,0.6800400246001614,am
NA,W-Msc-430397,3,16620.4298,0.8199196670194022,am
NA,W-Msc-430397,4,11296.0492,0.8257764348117406,am
NA,W-Msc-430397,5,16840.8099,0.5986954811106102,am
NA,W-Msc-430397,6,7860.243100000001,0.9634810425032768,am
NA,W-Msc-430397,7,2383.6401,0.007576276493538671,am
NA,W-Msc-430397,8,1806.6460000000002,0.5667609236418114,am
NA,W-Msc-430414,1,17464.5845,0.9960187558700349,am
NA,W-Msc-430414,2,41528.2741,0.9051974730029981,am
NA,W-Msc-430414,3,20063.0681,0.9897520289120075,am
NA,W-Msc-430414,4,12115.3598,0.8856705955304693,am
NA,W-Msc-430414,5,24453.7747,0.8693384995092764,am
NA,W-Msc-430414,6,7880.0085,0.9659038159410975,am
NA,W-Msc-430414,7,4610.1877,0.014653242619265849,am
NA,W-Msc-430414,8,3187.6686000000004,1,am
NA,W-Msc-445308,1,15499.6093,0.8839547010956729,am
NA,W-Msc-445308,2,12057.071100000001,0.2628096285739329,am
NA,W-Msc-445308,3,13609.229200000002,0.6713710059444267,am
NA,W-Msc-445308,4,10900.337,0.7968486385582053,am
NA,W-Msc-445308,5,2629.6238000000003,0.09348385828409066,am
NA,W-Msc-445308,7,547.6044,0.001740532198412985,am
NA,W-Msc-445308,8,1825.1406000000002,0.572562844205323,am
NA,W-Msc-445374,1,12252.7209,0.6987821454808028,am
NA,W-Msc-445374,2,7266.6907,0.15839305151220787,am
NA,W-Msc-445374,3,5352.7479,0.2640619604077149,am
NA,W-Msc-445374,4,6394.807,0.46748034045116965,am
NA,W-Msc-445374,5,197.654,0.007026654734903013,am
NA,W-Msc-445374,7,547.6044,0.001740532198412985,am
NA,W-Msc-445374,8,992.4846,0.31135124899746475,am
NA,W-Msc-445651,1,15499.6093,0.8839547010956729,am
NA,W-Msc-445651,2,12057.071100000001,0.2628096285739329,am
NA,W-Msc-445651,3,8717.7857,0.43006613152028755,am
NA,W-Msc-445651,4,10049.038199999999,0.7346160406315325,am
NA,W-Msc-445651,5,2629.6238000000003,0.09348385828409066,am
NA,W-Msc-445651,7,547.6044,0.001740532198412985,am
NA,W-Msc-445651,8,1825.1406000000002,0.572562844205323,am
NA,W-Msc-449949,7,80799.9387,0.25681841661086985,am
NA,W-Msc-449951,2,7000.801100000001,0.1525974195184916,am
NA,W-Msc-449951,5,2247.9465,0.07991512399462523,am
NA,W-Msc-449951,7,176343.5272,0.5604987598224486,am
NA,W-Msc-449994,2,5634.971100000001,0.12282623611764604,am
NA,W-Msc-449994,5,2227.1632,0.07917627189271022,am
NA,W-Msc-449994,7,192252.3814,0.6110642282061168,am
NA,W-Msc-450000,7,9436.7672,0.029994275357406824,am
NA,W-Msc-451657,2,12239.2207,0.26677996832923967,am
NA,W-Msc-451657,7,1816.0636,0.005772264010599258,am
NA,W-Msc-456582,1,15850.7283,0.9039792891150632,am
NA,W-Msc-456582,2,31198.594100000002,0.6800400246001614,am
NA,W-Msc-456582,3,9781.9092,0.4825615119819602,am
NA,W-Msc-456582,4,11767.1012,0.8602118054695578,am
NA,W-Msc-456582,5,7545.6756000000005,0.2682508686026194,am
NA,W-Msc-456582,6,592.962,0.07268320313462416,am
NA,W-Msc-456582,7,2363.668,0.007512796209012243,am
NA,W-Msc-456582,8,1825.1406000000002,0.572562844205323,am
NA,W-Msc-456588,1,15570.7288,0.8880107011630148,am
NA,W-Msc-456588,2,29589.5341,0.6449671236073844,am
NA,W-Msc-456588,3,8330.8317,0.4109769022614975,am
NA,W-Msc-456588,4,8002.455,0.5850044243469997,am
NA,W-Msc-456588,5,652.2582,0.023187960625179943,am
NA,W-Msc-456588,7,2363.668,0.007512796209012243,am
NA,W-Msc-456588,8,1825.1406000000002,0.572562844205323,am
NA,W-Msc-456602,1,12520.4293,0.7140497624976266,am
NA,W-Msc-456602,2,8603.093700000001,0.18752281056746378,am
NA,W-Msc-456602,3,8330.8317,0.4109769022614975,am
NA,W-Msc-456602,4,6042.7756,0.44174574694091956,am
NA,W-Msc-456602,5,197.654,0.007026654734903013,am
NA,W-Msc-456602,7,547.6044,0.001740532198412985,am
NA,W-Msc-456602,8,1825.1406000000002,0.572562844205323,am
NA,W-Msc-464200,1,17429.1284,0.9939966670759954,am
NA,W-Msc-464200,2,42972.212400000004,0.9366711937067498,am
NA,W-Msc-464200,3,20063.0681,0.9897520289120075,am
NA,W-Msc-464200,4,11841.5576,0.8656548005780527,am
NA,W-Msc-464200,5,18953.6499,0.6738075314110973,am
NA,W-Msc-464200,6,118.5924,0.014536640626924833,am
NA,W-Msc-464200,7,5117.5162,0.016265759957370805,am
NA,W-Msc-464200,8,3187.6686000000004,1,am
NA,W-Msc-464366,7,9436.7672,0.029994275357406824,am
NA,W-Msc-504512,1,15815.272200000001,0.9019572003210239,am
NA,W-Msc-504512,2,31198.594100000002,0.6800400246001614,am
NA,W-Msc-504512,3,13222.2752,0.6522817766856367,am
NA,W-Msc-504512,4,8853.7538,0.6472370222736725,am
NA,W-Msc-504512,5,652.2582,0.023187960625179943,am
NA,W-Msc-504512,7,2363.668,0.007512796209012243,am
NA,W-Msc-504512,8,1825.1406000000002,0.572562844205323,am
NA,W-Msc-504729,1,15815.272200000001,0.9019572003210239,am
NA,W-Msc-504729,2,31198.594100000002,0.6800400246001614,am
NA,W-Msc-504729,3,16743.5566,0.825993762940626,am
NA,W-Msc-504729,4,9202.0124,0.6726958123345841,am
NA,W-Msc-504729,5,4667.5761,0.1659336299977999,am
NA,W-Msc-504729,7,2383.6401,0.007576276493538671,am
NA,W-Msc-504729,8,1825.1406000000002,0.572562844205323,am
NA,W-Msc-505780,1,15850.7283,0.9039792891150632,am
NA,W-Msc-505780,2,31198.594100000002,0.6800400246001614,am
NA,W-Msc-505780,3,13609.229200000002,0.6713710059444267,am
NA,W-Msc-505780,4,10900.337,0.7968486385582053,am
NA,W-Msc-505780,5,2629.6238000000003,0.09348385828409066,am
NA,W-Msc-505780,7,2363.668,0.007512796209012243,am
NA,W-Msc-505780,8,1825.1406000000002,0.572562844205323,am
NA,W-Msc-505934,1,15570.7288,0.8880107011630148,am
NA,W-Msc-505934,2,29589.5341,0.6449671236073844,am
NA,W-Msc-505934,3,8330.8317,0.4109769022614975,am
NA,W-Msc-505934,4,8002.455,0.5850044243469997,am
NA,W-Msc-505934,5,652.2582,0.023187960625179943,am
NA,W-Msc-505934,7,2363.668,0.007512796209012243,am
NA,W-Msc-505934,8,1825.1406000000002,0.572562844205323,am
NA,W-Msc-506105,1,14698.580600000001,0.8382714150610013,am
NA,W-Msc-506105,2,27777.0633,0.6054604495736633,am
NA,W-Msc-506105,3,7271.0877,0.35869757145828274,am
NA,W-Msc-506105,4,6394.807,0.46748034045116965,am
NA,W-Msc-506105,5,197.654,0.007026654734903013,am
NA,W-Msc-506105,7,2363.668,0.007512796209012243,am
NA,W-Msc-506105,8,992.4846,0.31135124899746475,am
NA,W-Msc-506181,1,15559.641800000001,0.8873784009816774,am
NA,W-Msc-506181,2,31198.594100000002,0.6800400246001614,am
NA,W-Msc-506181,3,12712.1944,0.627118451505623,am
NA,W-Msc-506181,4,8308.2454,0.6073586565073604,am
NA,W-Msc-506181,5,652.2582,0.023187960625179943,am
NA,W-Msc-506181,7,2363.668,0.007512796209012243,am
NA,W-Msc-506181,8,1806.6460000000002,0.5667609236418114,am
NA,W-Msc-506568,1,17225.6878,0.9823942923784781,am
NA,W-Msc-506568,2,40057.8489,0.8731464137156599,am
NA,W-Msc-506568,3,19494.9442,0.9617253193431753,am
NA,W-Msc-506568,4,11296.0492,0.8257764348117406,am
NA,W-Msc-506568,5,22275.2747,0.7918922179263779,am
NA,W-Msc-506568,6,7860.243100000001,0.9634810425032768,am
NA,W-Msc-506568,7,4203.886,0.013361833727883798,am
NA,W-Msc-506568,8,3169.1740000000004,0.9941980794364884,am
NA,W-Msc-506763,1,15588.7883,0.8890406484097778,am
NA,W-Msc-506763,2,24306.5368,0.5298129085700284,am
NA,W-Msc-506763,3,7290.102800000001,0.35963562508553254,am
NA,W-Msc-506763,4,9135.4683,0.6678312310386956,am
NA,W-Msc-506763,5,2133.6936,0.07585340158697651,am
NA,W-Msc-506763,6,4429.3197,0.5429304803736034,am
NA,W-Msc-506763,7,458.20640000000003,0.0014563852896706084,am
NA,W-Msc-506763,8,1825.1406000000002,0.572562844205323,am
NA,W-Msc-506773,1,17079.4662,0.9740551614868542,am
NA,W-Msc-506773,2,40057.8489,0.8731464137156599,am
NA,W-Msc-506773,3,19494.9442,0.9617253193431753,am
NA,W-Msc-506773,4,11199.3107,0.8187045486837096,am
NA,W-Msc-506773,5,16915.569900000002,0.6013532199268312,am
NA,W-Msc-506773,6,118.5924,0.014536640626924833,am
NA,W-Msc-506773,7,4203.886,0.013361833727883798,am
NA,W-Msc-506773,8,3169.1740000000004,0.9941980794364884,am
NA,W-Msc-506939,7,1849.46,0.0058784127367802,am
NA,W-Msc-507364,1,15552.0962,0.8869480695801893,am
NA,W-Msc-507364,2,31198.594100000002,0.6800400246001614,am
NA,W-Msc-507364,3,11695.5692,0.5769662589631934,am
NA,W-Msc-507364,4,11767.1012,0.8602118054695578,am
NA,W-Msc-507364,5,12451.342,0.4426486750594309,am
NA,W-Msc-507364,6,8158.171,1,am
NA,W-Msc-507364,7,2363.668,0.007512796209012243,am
NA,W-Msc-507364,8,1825.1406000000002,0.572562844205323,am
NA,W-Msc-507737,1,15551.7991,0.8869311257375019,am
NA,W-Msc-507737,2,27777.0633,0.6054604495736633,am
NA,W-Msc-507737,3,6230.3588,0.3073562942823177,am
NA,W-Msc-507737,4,10029.4809,0.7331863409920742,am
NA,W-Msc-507737,5,2629.6238000000003,0.09348385828409066,am
NA,W-Msc-507737,7,1855.1782,0.0058965877390573275,am
NA,W-Msc-507737,8,992.4846,0.31135124899746475,am
NA,W-Msc-509649,1,15482.6478,0.8829873736377715,am
NA,W-Msc-509649,2,29589.5341,0.6449671236073844,am
NA,W-Msc-509649,3,7971.917700000001,0.3932709433356579,am
NA,W-Msc-509649,4,7456.946599999999,0.5451260585806877,am
NA,W-Msc-509649,5,652.2582,0.023187960625179943,am
NA,W-Msc-509649,7,2363.668,0.007512796209012243,am
NA,W-Msc-509649,8,1825.1406000000002,0.572562844205323,am
NA,W-Msc-511364,1,12520.4293,0.7140497624976266,am
NA,W-Msc-511364,2,8603.093700000001,0.18752281056746378,am
NA,W-Msc-511364,3,8330.8317,0.4109769022614975,am
NA,W-Msc-511364,4,6042.7756,0.44174574694091956,am
NA,W-Msc-511364,5,197.654,0.007026654734903013,am
NA,W-Msc-511364,7,547.6044,0.001740532198412985,am
NA,W-Msc-511364,8,1825.1406000000002,0.572562844205323,am
NA,W-Msc-511703,1,13918.370700000001,0.793775441285302,am
NA,W-Msc-511703,2,25776.7717,0.5618598198622272,am
NA,W-Msc-511703,3,5843.4048,0.28826706502352767,am
NA,W-Msc-511703,4,7982.8976999999995,0.5835747247075415,am
NA,W-Msc-511703,5,652.2582,0.023187960625179943,am
NA,W-Msc-511703,7,1855.1782,0.0058965877390573275,am
NA,W-Msc-511703,8,992.4846,0.31135124899746475,am
NA,W-Msc-531258,1,15588.7883,0.8890406484097778,am
NA,W-Msc-531258,2,29589.5341,0.6449671236073844,am
NA,W-Msc-531258,3,7658.041700000001,0.37778680071707277,am
NA,W-Msc-531258,4,10915.8024,0.7979792075428851,am
NA,W-Msc-531258,5,11274.712800000001,0.4008191793780627,am
NA,W-Msc-531258,6,4429.3197,0.5429304803736034,am
NA,W-Msc-531258,7,2363.668,0.007512796209012243,am
NA,W-Msc-531258,8,992.4846,0.31135124899746475,am
NA,W-Msc-531551,1,15559.641800000001,0.8873784009816774,am
NA,W-Msc-531551,2,31198.594100000002,0.6800400246001614,am
NA,W-Msc-531551,3,16620.4298,0.8199196670194022,am
NA,W-Msc-531551,4,11296.0492,0.8257764348117406,am
NA,W-Msc-531551,5,16840.8099,0.5986954811106102,am
NA,W-Msc-531551,6,7860.243100000001,0.9634810425032768,am
NA,W-Msc-531551,7,2383.6401,0.007576276493538671,am
NA,W-Msc-531551,8,1806.6460000000002,0.5667609236418114,am
NA,W-Msc-533278,1,17516.7743,0.9989951805118639,am
NA,W-Msc-533278,2,42972.212400000004,0.9366711937067498,am
NA,W-Msc-533278,3,20063.0681,0.9897520289120075,am
NA,W-Msc-533278,4,12115.3598,0.8856705955304693,am
NA,W-Msc-533278,5,24453.7747,0.8693384995092764,am
NA,W-Msc-533278,6,6730.3199,0.8249790179686108,am
NA,W-Msc-533278,7,6966.9762,0.022144172694151004,am
NA,W-Msc-533278,8,3187.6686000000004,1,am
NA,W-Msc-534190,1,10506.5476,0.5991965322187481,am
NA,W-Msc-534190,2,8601.505500000001,0.18748819235474534,am
NA,W-Msc-534190,3,8717.7857,0.43006613152028755,am
NA,W-Msc-534190,4,10049.038199999999,0.7346160406315325,am
NA,W-Msc-534190,5,2629.6238000000003,0.09348385828409066,am
NA,W-Msc-534190,7,547.6044,0.001740532198412985,am
NA,W-Msc-534190,8,1825.1406000000002,0.572562844205323,am
NA,W-Msc-534197,1,15850.7283,0.9039792891150632,am
NA,W-Msc-534197,2,31198.594100000002,0.6800400246001614,am
NA,W-Msc-534197,3,11695.5692,0.5769662589631934,am
NA,W-Msc-534197,4,11767.1012,0.8602118054695578,am
NA,W-Msc-534197,5,12965.912,0.4609417818366226,am
NA,W-Msc-534197,6,7028.2478,0.861497975465334,am
NA,W-Msc-534197,7,2363.668,0.007512796209012243,am
NA,W-Msc-534197,8,1825.1406000000002,0.572562844205323,am
NA,W-Msc-534375,2,10829.5148,0.23605241593241574,am
NA,W-Msc-534375,3,58.043099999999995,0.002863384388818505,am
NA,W-Msc-534375,5,3890.532,0.13830949588215613,am
NA,W-Msc-534375,7,4971.7168,0.015802344122492023,am
NA,W-Msc-536436,1,15815.272200000001,0.9019572003210239,am
NA,W-Msc-536436,2,31198.594100000002,0.6800400246001614,am
NA,W-Msc-536436,3,16743.5566,0.825993762940626,am
NA,W-Msc-536436,4,9202.0124,0.6726958123345841,am
NA,W-Msc-536436,5,4667.5761,0.1659336299977999,am
NA,W-Msc-536436,7,2383.6401,0.007576276493538671,am
NA,W-Msc-536436,8,1825.1406000000002,0.572562844205323,am
NA,W-Msc-536543,2,2143.2992,0.046717785936819065,am
NA,W-Msc-536543,3,2389.5763,0.11788266776431108,am
NA,W-Msc-536543,4,10096.4918,0.7380850468241563,am
NA,W-Msc-536543,5,6951.2172,0.24711770696125182,am
NA,W-Msc-536543,6,812.6551,0.09961241312544196,am
NA,W-Msc-536543,7,2193.352,0.006971455631937066,am
NA,W-Msc-536684,1,15850.7283,0.9039792891150632,am
NA,W-Msc-536684,2,31198.594100000002,0.6800400246001614,am
NA,W-Msc-536684,3,13609.229200000002,0.6713710059444267,am
NA,W-Msc-536684,4,10900.337,0.7968486385582053,am
NA,W-Msc-536684,5,2629.6238000000003,0.09348385828409066,am
NA,W-Msc-536684,7,2363.668,0.007512796209012243,am
NA,W-Msc-536684,8,1825.1406000000002,0.572562844205323,am
NA,W-Msc-536817,1,15588.7883,0.8890406484097778,am
NA,W-Msc-536817,2,29589.5341,0.6449671236073844,am
NA,W-Msc-536817,3,9781.9092,0.4825615119819602,am
NA,W-Msc-536817,4,11767.1012,0.8602118054695578,am
NA,W-Msc-536817,5,12965.912,0.4609417818366226,am
NA,W-Msc-536817,6,8158.171,1,am
NA,W-Msc-536817,7,2363.668,0.007512796209012243,am
NA,W-Msc-536817,8,1825.1406000000002,0.572562844205323,am
NA,W-Msc-536893,2,8764.546400000001,0.19104201716144817,am
NA,W-Msc-536893,5,1426.656,0.05071801803898627,am
NA,W-Msc-536893,7,200604.59530000002,0.6376113071210826,am
NA,W-Msc-542155,1,15850.7283,0.9039792891150632,am
NA,W-Msc-542155,2,31198.594100000002,0.6800400246001614,am
NA,W-Msc-542155,3,17130.5106,0.845082992199416,am
NA,W-Msc-542155,4,12115.3598,0.8856705955304693,am
NA,W-Msc-542155,5,11481.1051,0.40815648311106345,am
NA,W-Msc-542155,6,118.5924,0.014536640626924833,am
NA,W-Msc-542155,7,2383.6401,0.007576276493538671,am
NA,W-Msc-542155,8,1825.1406000000002,0.572562844205323,am
NA,W-Msc-544977,1,15787.6476,0.9003817480265014,am
NA,W-Msc-544977,2,40675.9548,0.8866193525953483,am
NA,W-Msc-544977,3,19234.9173,0.9488976625479167,am
NA,W-Msc-544977,4,11566.724699999999,0.845563658240343,am
NA,W-Msc-544977,5,26423.3733,0.9393582781555387,am
NA,W-Msc-544977,6,7213.7733,0.88423904083403,am
NA,W-Msc-544977,7,81933.702,0.26042202448733864,am
NA,W-Msc-544977,8,3113.0440000000003,0.9765895990568154,am
NA,W-Msc-545018,1,17079.4662,0.9740551614868542,am
NA,W-Msc-545018,2,45284.9137,0.9870814603970948,am
NA,W-Msc-545018,3,19552.9873,0.9645887037319938,am
NA,W-Msc-545018,4,12763.2577,0.9330339531532401,am
NA,W-Msc-545018,5,27764.5661,0.9870380556380983,am
NA,W-Msc-545018,6,7213.7733,0.88423904083403,am
NA,W-Msc-545018,7,81933.702,0.26042202448733864,am
NA,W-Msc-545018,8,3169.1740000000004,0.9941980794364884,am
NA,W-Msc-545036,1,17042.477,0.9719456388145783,am
NA,W-Msc-545036,2,41159.7416,0.8971645196730287,am
NA,W-Msc-545036,3,19552.9873,0.9645887037319938,am
NA,W-Msc-545036,4,11199.3107,0.8187045486837096,am
NA,W-Msc-545036,5,24135.4661,0.8580225401492313,am
NA,W-Msc-545036,6,7213.7733,0.88423904083403,am
NA,W-Msc-545036,7,4994.0194,0.015873231780458845,am
NA,W-Msc-545036,8,3169.1740000000004,0.9941980794364884,am
NA,W-Msc-545037,1,15787.6476,0.9003817480265014,am
NA,W-Msc-545037,2,40675.9548,0.8866193525953483,am
NA,W-Msc-545037,3,18586.0233,0.916886399372828,am
NA,W-Msc-545037,4,10715.4259,0.7833310603136703,am
NA,W-Msc-545037,5,26423.3733,0.9393582781555387,am
NA,W-Msc-545037,6,7213.7733,0.88423904083403,am
NA,W-Msc-545037,7,81933.702,0.26042202448733864,am
NA,W-Msc-545037,8,3113.0440000000003,0.9765895990568154,am
NA,W-Msc-545044,1,17225.6878,0.9823942923784781,am
NA,W-Msc-545044,2,44656.6084,0.9733862037999903,am
NA,W-Msc-545044,3,19552.9873,0.9645887037319938,am
NA,W-Msc-545044,4,12859.9962,0.9401058392812711,am
NA,W-Msc-545044,5,27188.2477,0.9665497760476437,am
NA,W-Msc-545044,6,7698.8255,0.9436950389983245,am
NA,W-Msc-545044,7,40930.7836,0.130096373882449,am
NA,W-Msc-545044,8,3169.1740000000004,0.9941980794364884,am
NA,W-Msc-545059,1,3275.1059999999998,0.1867818271578397,am
NA,W-Msc-545059,2,27620.2006,0.6020412918377431,am
NA,W-Msc-545059,3,6088.113,0.3003390191351426,am
NA,W-Msc-545059,4,5813.2958,0.4249700576932743,am
NA,W-Msc-545059,5,19148.3541,0.6807293199346561,am
NA,W-Msc-545059,7,81933.702,0.26042202448733864,am
NA,W-Msc-545059,8,338.06399999999996,0.10605368450158212,am
NA,W-Msc-545994,1,15551.7991,0.8869311257375019,am
NA,W-Msc-545994,2,27777.0633,0.6054604495736633,am
NA,W-Msc-545994,3,7658.041700000001,0.37778680071707277,am
NA,W-Msc-545994,4,10915.8024,0.7979792075428851,am
NA,W-Msc-545994,5,8100.1944,0.28796416634317984,am
NA,W-Msc-545994,6,3009.5861,0.36890451303361993,am
NA,W-Msc-545994,7,2363.668,0.007512796209012243,am
NA,W-Msc-545994,8,992.4846,0.31135124899746475,am
NA,W-Msc-546021,1,15570.7288,0.8880107011630148,am
NA,W-Msc-546021,2,29589.5341,0.6449671236073844,am
NA,W-Msc-546021,3,8330.8317,0.4109769022614975,am
NA,W-Msc-546021,4,8002.455,0.5850044243469997,am
NA,W-Msc-546021,5,652.2582,0.023187960625179943,am
NA,W-Msc-546021,7,2363.668,0.007512796209012243,am
NA,W-Msc-546021,8,1825.1406000000002,0.572562844205323,am
NA,W-Msc-548245,1,17516.7743,0.9989951805118639,am
NA,W-Msc-548245,2,38559.7863,0.8404929382388089,am
NA,W-Msc-548245,3,19476.9779,0.9608390051569098,am
NA,W-Msc-548245,4,12115.3598,0.8856705955304693,am
NA,W-Msc-548245,5,22415.6947,0.7968841880250103,am
NA,W-Msc-548245,6,8158.171,1,am
NA,W-Msc-548245,7,2424.8057,0.007707119219175992,am
NA,W-Msc-548245,8,3187.6686000000004,1,am
NA,W-Msc-558400,1,15850.7283,0.9039792891150632,am
NA,W-Msc-558400,2,31198.594100000002,0.6800400246001614,am
NA,W-Msc-558400,3,9781.9092,0.4825615119819602,am
NA,W-Msc-558400,4,11767.1012,0.8602118054695578,am
NA,W-Msc-558400,5,12965.912,0.4609417818366226,am
NA,W-Msc-558400,6,8158.171,1,am
NA,W-Msc-558400,7,2363.668,0.007512796209012243,am
NA,W-Msc-558400,8,1825.1406000000002,0.572562844205323,am
NA,W-Msc-558916,1,15413.4202,0.8790392700900536,am
NA,W-Msc-558916,2,31198.594100000002,0.6800400246001614,am
NA,W-Msc-558916,3,12712.1944,0.627118451505623,am
NA,W-Msc-558916,4,8211.5069,0.6002867703793294,am
NA,W-Msc-558916,5,652.2582,0.023187960625179943,am
NA,W-Msc-558916,7,2363.668,0.007512796209012243,am
NA,W-Msc-558916,8,1806.6460000000002,0.5667609236418114,am
NA,W-Msc-562476,1,15551.7991,0.8869311257375019,am
NA,W-Msc-562476,2,27777.0633,0.6054604495736633,am
NA,W-Msc-562476,3,7271.0877,0.35869757145828274,am
NA,W-Msc-562476,4,8002.455,0.5850044243469997,am
NA,W-Msc-562476,5,652.2582,0.023187960625179943,am
NA,W-Msc-562476,7,2363.668,0.007512796209012243,am
NA,W-Msc-562476,8,992.4846,0.31135124899746475,am
NA,W-Msc-574540,5,14018.061800000001,0.498346000187869,am
NA,W-Msc-574540,6,7267.2811,0.8907978393686526,am
NA,W-Msc-575295,1,15482.6478,0.8829873736377715,am
NA,W-Msc-575295,2,29589.5341,0.6449671236073844,am
NA,W-Msc-575295,3,8358.8717,0.4123601725944479,am
NA,W-Msc-575295,4,10096.4918,0.7380850468241563,am
NA,W-Msc-575295,5,11194.8244,0.39797912451388684,am
NA,W-Msc-575295,6,4429.3197,0.5429304803736034,am
NA,W-Msc-575295,7,2363.668,0.007512796209012243,am
NA,W-Msc-575295,8,1825.1406000000002,0.572562844205323,am
NA,W-Msc-578323,1,15570.7288,0.8880107011630148,am
NA,W-Msc-578323,2,29589.5341,0.6449671236073844,am
NA,W-Msc-578323,3,9394.9552,0.46347228272317015,am
NA,W-Msc-578323,4,8853.7538,0.6472370222736725,am
NA,W-Msc-578323,5,652.2582,0.023187960625179943,am
NA,W-Msc-578323,7,2363.668,0.007512796209012243,am
NA,W-Msc-578323,8,1825.1406000000002,0.572562844205323,am
NA,W-Msc-579084,1,17516.7743,0.9989951805118639,am
NA,W-Msc-579084,2,38559.7863,0.8404929382388089,am
NA,W-Msc-579084,3,19476.9779,0.9608390051569098,am
NA,W-Msc-579084,4,12115.3598,0.8856705955304693,am
NA,W-Msc-579084,5,15462.811500000002,0.5497072542998764,am
NA,W-Msc-579084,6,118.5924,0.014536640626924833,am
NA,W-Msc-579084,7,2424.8057,0.007707119219175992,am
NA,W-Msc-579084,8,3187.6686000000004,1,am
NA,W-Msc-580412,1,15850.7283,0.9039792891150632,am
NA,W-Msc-580412,2,31198.594100000002,0.6800400246001614,am
NA,W-Msc-580412,3,9781.9092,0.4825615119819602,am
NA,W-Msc-580412,4,11767.1012,0.8602118054695578,am
NA,W-Msc-580412,5,12965.912,0.4609417818366226,am
NA,W-Msc-580412,6,7028.2478,0.861497975465334,am
NA,W-Msc-580412,7,2363.668,0.007512796209012243,am
NA,W-Msc-580412,8,1825.1406000000002,0.572562844205323,am
NA,W-Msc-581391,1,17516.7743,0.9989951805118639,am
NA,W-Msc-581391,2,40057.8489,0.8731464137156599,am
NA,W-Msc-581391,3,20005.025,0.986888644523189,am
NA,W-Msc-581391,4,12115.3598,0.8856705955304693,am
NA,W-Msc-581391,5,20724.4955,0.7367615855664504,am
NA,W-Msc-581391,6,4429.3197,0.5429304803736034,am
NA,W-Msc-581391,7,4203.886,0.013361833727883798,am
NA,W-Msc-581391,8,3187.6686000000004,1,am
NA,W-Msc-581396,1,15482.6478,0.8829873736377715,am
NA,W-Msc-581396,2,29589.5341,0.6449671236073844,am
NA,W-Msc-581396,3,7971.917700000001,0.3932709433356579,am
NA,W-Msc-581396,4,7456.946599999999,0.5451260585806877,am
NA,W-Msc-581396,5,652.2582,0.023187960625179943,am
NA,W-Msc-581396,7,2363.668,0.007512796209012243,am
NA,W-Msc-581396,8,1825.1406000000002,0.572562844205323,am
NA,W-Msc-581401,1,17405.6222,0.9926560903173997,am
NA,W-Msc-581401,2,33024.8441,0.7198470457417341,am
NA,W-Msc-581401,3,17755.032600000002,0.8758919349552942,am
NA,W-Msc-581401,4,9202.0124,0.6726958123345841,am
NA,W-Msc-581401,5,5799.6301,0.2061784649076216,am
NA,W-Msc-581401,7,2383.6401,0.007576276493538671,am
NA,W-Msc-581401,8,3074.1246,0.9643802370171103,am
NA,W-Msc-581807,1,15588.7883,0.8890406484097778,am
NA,W-Msc-581807,2,29589.5341,0.6449671236073844,am
NA,W-Msc-581807,3,8717.7857,0.43006613152028755,am
NA,W-Msc-581807,4,10915.8024,0.7979792075428851,am
NA,W-Msc-581807,5,11274.712800000001,0.4008191793780627,am
NA,W-Msc-581807,6,4429.3197,0.5429304803736034,am
NA,W-Msc-581807,7,2363.668,0.007512796209012243,am
NA,W-Msc-581807,8,1825.1406000000002,0.572562844205323,am
NA,W-Msc-581816,1,15588.7883,0.8890406484097778,am
NA,W-Msc-581816,2,29589.5341,0.6449671236073844,am
NA,W-Msc-581816,3,9781.9092,0.4825615119819602,am
NA,W-Msc-581816,4,11767.1012,0.8602118054695578,am
NA,W-Msc-581816,5,12965.912,0.4609417818366226,am
NA,W-Msc-581816,6,6588.6677,0.8076157879014794,am
NA,W-Msc-581816,7,2363.668,0.007512796209012243,am
NA,W-Msc-581816,8,1825.1406000000002,0.572562844205323,am
NA,W-Msc-581826,1,17481.3182,0.9969730917178246,am
NA,W-Msc-581826,2,37241.4428,0.8117568245761915,am
NA,W-Msc-581826,3,19090.0239,0.9417497758981197,am
NA,W-Msc-581826,4,9202.0124,0.6726958123345841,am
NA,W-Msc-581826,5,7817.350100000001,0.2779089727228366,am
NA,W-Msc-581826,7,2383.6401,0.007576276493538671,am
NA,W-Msc-581826,8,3187.6686000000004,1,am
NA,W-Msc-581837,1,15588.7883,0.8890406484097778,am
NA,W-Msc-581837,2,29589.5341,0.6449671236073844,am
NA,W-Msc-581837,3,9781.9092,0.4825615119819602,am
NA,W-Msc-581837,4,11767.1012,0.8602118054695578,am
NA,W-Msc-581837,5,12965.912,0.4609417818366226,am
NA,W-Msc-581837,6,8158.171,1,am
NA,W-Msc-581837,7,2363.668,0.007512796209012243,am
NA,W-Msc-581837,8,1825.1406000000002,0.572562844205323,am
NA,W-Msc-714919,1,10168.314400000001,0.5799068313353438,am
NA,W-Msc-714919,2,31627.8425,0.6893964107103797,am
NA,W-Msc-714919,3,20005.025,0.986888644523189,am
NA,W-Msc-714919,4,11522.3978,0.8423232235715336,am
NA,W-Msc-714919,5,14269.190100000002,0.5072736811771894,am
NA,W-Msc-714919,7,6053.3460000000005,0.019240246464663997,am
NA,W-Msc-714919,8,3187.6686000000004,1,am
NA,W-Msc-718659,1,15850.7283,0.9039792891150632,am
NA,W-Msc-718659,2,31198.594100000002,0.6800400246001614,am
NA,W-Msc-718659,3,13609.229200000002,0.6713710059444267,am
NA,W-Msc-718659,4,10900.337,0.7968486385582053,am
NA,W-Msc-718659,5,2629.6238000000003,0.09348385828409066,am
NA,W-Msc-718659,7,2363.668,0.007512796209012243,am
NA,W-Msc-718659,8,1825.1406000000002,0.572562844205323,am
NA,W-Nem-122637,1,15588.7883,0.8890406484097778,am
NA,W-Nem-122637,2,29589.5341,0.6449671236073844,am
NA,W-Nem-122637,3,8717.7857,0.43006613152028755,am
NA,W-Nem-122637,4,10915.8024,0.7979792075428851,am
NA,W-Nem-122637,5,11315.0672,0.402253789534367,am
NA,W-Nem-122637,6,4631.0917,0.5676629847547937,am
NA,W-Nem-122637,7,2363.668,0.007512796209012243,am
NA,W-Nem-122637,8,1825.1406000000002,0.572562844205323,am
NA,W-Nem-147240,1,13313.9619,0.7593055401540784,am
NA,W-Nem-147240,2,10743.9545,0.23418744636582886,am
NA,W-Nem-147240,3,7971.917700000001,0.3932709433356579,am
NA,W-Nem-147240,4,5907.3417,0.43184510636167617,am
NA,W-Nem-147240,5,19.7654,7.026654734903013e-4,am
NA,W-Nem-147240,7,547.6044,0.001740532198412985,am
NA,W-Nem-147240,8,1825.1406000000002,0.572562844205323,am
NA,W-Oct-128506,1,17225.6878,0.9823942923784781,am
NA,W-Oct-128506,2,38559.7863,0.8404929382388089,am
NA,W-Oct-128506,3,18966.897100000002,0.935675679976896,am
NA,W-Oct-128506,4,11296.0492,0.8257764348117406,am
NA,W-Oct-128506,5,22275.2747,0.7918922179263779,am
NA,W-Oct-128506,6,7860.243100000001,0.9634810425032768,am
NA,W-Oct-128506,7,4274.2657,0.01358553195595619,am
NA,W-Oct-128506,8,3169.1740000000004,0.9941980794364884,am
NA,W-Oct-128512,1,17225.6878,0.9823942923784781,am
NA,W-Oct-128512,2,38559.7863,0.8404929382388089,am
NA,W-Oct-128512,3,18966.897100000002,0.935675679976896,am
NA,W-Oct-128512,4,11296.0492,0.8257764348117406,am
NA,W-Oct-128512,5,22275.2747,0.7918922179263779,am
NA,W-Oct-128512,6,7860.243100000001,0.9634810425032768,am
NA,W-Oct-128512,7,4274.2657,0.01358553195595619,am
NA,W-Oct-128512,8,3169.1740000000004,0.9941980794364884,am
NA,W-Oct-128517,1,17225.6878,0.9823942923784781,am
NA,W-Oct-128517,2,38559.7863,0.8404929382388089,am
NA,W-Oct-128517,3,18966.897100000002,0.935675679976896,am
NA,W-Oct-128517,4,11296.0492,0.8257764348117406,am
NA,W-Oct-128517,5,17531.8419,0.6232618611219912,am
NA,W-Oct-128517,6,3743.2949,0.4588399654775562,am
NA,W-Oct-128517,7,4274.2657,0.01358553195595619,am
NA,W-Oct-128517,8,3169.1740000000004,0.9941980794364884,am
NA,W-Oct-156103,1,15551.7991,0.8869311257375019,am
NA,W-Oct-156103,2,27777.0633,0.6054604495736633,am
NA,W-Oct-156103,3,7658.041700000001,0.37778680071707277,am
NA,W-Oct-156103,4,10915.8024,0.7979792075428851,am
NA,W-Oct-156103,5,12965.912,0.4609417818366226,am
NA,W-Oct-156103,6,4631.0917,0.5676629847547937,am
NA,W-Oct-156103,7,2363.668,0.007512796209012243,am
NA,W-Oct-156103,8,992.4846,0.31135124899746475,am
NA,W-Oct-286695,1,12520.4293,0.7140497624976266,am
NA,W-Oct-286695,2,8603.093700000001,0.18752281056746378,am
NA,W-Oct-286695,3,9394.9552,0.46347228272317015,am
NA,W-Oct-286695,4,6894.0743999999995,0.5039783448675923,am
NA,W-Oct-286695,5,197.654,0.007026654734903013,am
NA,W-Oct-286695,7,547.6044,0.001740532198412985,am
NA,W-Oct-286695,8,1825.1406000000002,0.572562844205323,am
NA,W-Oct-287556,1,12316.9887,0.7024473878001093,am
NA,W-Oct-287556,2,8603.093700000001,0.18752281056746378,am
NA,W-Oct-287556,3,8884.8744,0.4383089575431564,am
NA,W-Oct-287556,4,6758.6404999999995,0.49407770428834885,am
NA,W-Oct-287556,5,197.654,0.007026654734903013,am
NA,W-Oct-287556,7,547.6044,0.001740532198412985,am
NA,W-Oct-287556,8,1806.6460000000002,0.5667609236418114,am
NA,W-Oct-287562,1,12316.9887,0.7024473878001093,am
NA,W-Oct-287562,2,8603.093700000001,0.18752281056746378,am
NA,W-Oct-287562,3,8884.8744,0.4383089575431564,am
NA,W-Oct-287562,4,6758.6404999999995,0.49407770428834885,am
NA,W-Oct-287562,5,197.654,0.007026654734903013,am
NA,W-Oct-287562,7,547.6044,0.001740532198412985,am
NA,W-Oct-287562,8,1806.6460000000002,0.5667609236418114,am
NA,W-Oct-289357,1,17225.6878,0.9823942923784781,am
NA,W-Oct-289357,2,40057.8489,0.8731464137156599,am
NA,W-Oct-289357,3,19494.9442,0.9617253193431753,am
NA,W-Oct-289357,4,11199.3107,0.8187045486837096,am
NA,W-Oct-289357,5,22275.2747,0.7918922179263779,am
NA,W-Oct-289357,6,7698.8255,0.9436950389983245,am
NA,W-Oct-289357,7,4203.886,0.013361833727883798,am
NA,W-Oct-289357,8,3169.1740000000004,0.9941980794364884,am
NA,W-Oct-289935,1,12316.9887,0.7024473878001093,am
NA,W-Oct-289935,2,8603.093700000001,0.18752281056746378,am
NA,W-Oct-289935,3,8884.8744,0.4383089575431564,am
NA,W-Oct-289935,4,6758.6404999999995,0.49407770428834885,am
NA,W-Oct-289935,5,197.654,0.007026654734903013,am
NA,W-Oct-289935,7,547.6044,0.001740532198412985,am
NA,W-Oct-289935,8,1806.6460000000002,0.5667609236418114,am
NA,W-Oct-290417,1,12577.084,0.7172808238382609,am
NA,W-Oct-290417,2,26813.7087,0.5844620775386017,am
NA,W-Oct-290417,3,6761.0069,0.333534246278269,am
NA,W-Oct-290417,4,5378.046,0.3931519395412639,am
NA,W-Oct-290417,5,19.7654,7.026654734903013e-4,am
NA,W-Oct-290417,7,2363.668,0.007512796209012243,am
NA,W-Oct-290417,8,973.99,0.3055493284339532,am
NA,W-Oct-290947,1,15559.641800000001,0.8873784009816774,am
NA,W-Oct-290947,2,31198.594100000002,0.6800400246001614,am
NA,W-Oct-290947,3,16620.4298,0.8199196670194022,am
NA,W-Oct-290947,4,10703.0872,0.7824290628528048,am
NA,W-Oct-290947,5,6644.9417,0.2362295276567106,am
NA,W-Oct-290947,7,2383.6401,0.007576276493538671,am
NA,W-Oct-290947,8,1806.6460000000002,0.5667609236418114,am
NA,W-Oct-378316,1,15588.7883,0.8890406484097778,am
NA,W-Oct-378316,2,24306.5368,0.5298129085700284,am
NA,W-Oct-378316,3,8354.2263,0.4121310055472051,am
NA,W-Oct-378316,4,9986.7671,0.7300638289653683,am
NA,W-Oct-378316,5,2133.6936,0.07585340158697651,am
NA,W-Oct-378316,6,4429.3197,0.5429304803736034,am
NA,W-Oct-378316,7,458.20640000000003,0.0014563852896706084,am
NA,W-Oct-378316,8,1825.1406000000002,0.572562844205323,am
NA,W-Oph-124854,2,7741.2753,0.16873763697732205,am
NA,W-Oph-124854,5,3176.0977000000003,0.11291115758962414,am
NA,W-Oph-124854,7,302347.629,0.9609962655309628,am
NA,W-Oph-124895,1,14947.7695,0.852482850675437,am
NA,W-Oph-124895,2,45877.585100000004,0.9999999999999999,am
NA,W-Oph-124895,3,19166.0333,0.9454994744732038,am
NA,W-Oph-124895,4,8574.1076,0.62679401269076,am
NA,W-Oph-124895,5,14750.7895,0.5243946739440267,am
NA,W-Oph-124895,7,309810.1675,0.9847155573064609,am
NA,W-Oph-124895,8,3169.1740000000004,0.9941980794364884,am
NA,W-Oph-124918,1,16347.492100000001,0.9323101126761546,am
NA,W-Oph-124918,2,42838.7792,0.9337627319882623,am
NA,W-Oph-124918,3,19234.9173,0.9488976625479167,am
NA,W-Oph-124918,4,12545.8383,0.917139916768297,am
NA,W-Oph-124918,5,23617.7151,0.83961634793632,am
NA,W-Oph-124918,6,4429.3197,0.5429304803736034,am
NA,W-Oph-124918,7,90722.4682,0.28835666225764095,am
NA,W-Oph-124918,8,3113.0440000000003,0.9765895990568154,am
NA,W-Oph-124951,1,14215.7954,0.8107378018647374,am
NA,W-Oph-124951,2,42913.6192,0.9353940297088567,am
NA,W-Oph-124951,3,18847.9633,0.9298084332891268,am
NA,W-Oph-124951,4,8455.5152,0.6181245382989728,am
NA,W-Oph-124951,5,14750.7895,0.5243946739440267,am
NA,W-Oph-124951,7,314618.9427,1,am
NA,W-Oph-124951,8,3113.0440000000003,0.9765895990568154,am
NA,W-Oph-124969,1,17225.6878,0.9823942923784781,am
NA,W-Oph-124969,2,45284.9137,0.9870814603970948,am
NA,W-Oph-124969,3,19552.9873,0.9645887037319938,am
NA,W-Oph-124969,4,12859.9962,0.9401058392812711,am
NA,W-Oph-124969,5,27764.5661,0.9870380556380983,am
NA,W-Oph-124969,6,7860.243100000001,0.9634810425032768,am
NA,W-Oph-124969,7,54008.8884,0.17166445204000108,am
NA,W-Oph-124969,8,3169.1740000000004,0.9941980794364884,am
NA,W-Oph-125033,2,4675.1291,0.1019044287054246,am
NA,W-Oph-125033,5,800.5072000000001,0.02845825385372395,am
NA,W-Oph-125033,7,88145.2738,0.2801651834551156,am
NA,W-Oph-125064,1,17429.1284,0.9939966670759954,am
NA,W-Oph-125064,2,44656.6084,0.9733862037999903,am
NA,W-Oph-125064,3,20063.0681,0.9897520289120075,am
NA,W-Oph-125064,4,13268.4027,0.9699616284649745,am
NA,W-Oph-125064,5,25822.1233,0.9179836732431138,am
NA,W-Oph-125064,6,7860.243100000001,0.9634810425032768,am
NA,W-Oph-125064,7,33826.8811,0.10751698804180108,am
NA,W-Oph-125064,8,3187.6686000000004,1,am
NA,W-Oph-125125,1,17516.7743,0.9989951805118639,am
NA,W-Oph-125125,2,40057.8489,0.8731464137156599,am
NA,W-Oph-125125,3,20005.025,0.986888644523189,am
NA,W-Oph-125125,4,12115.3598,0.8856705955304693,am
NA,W-Oph-125125,5,24453.7747,0.8693384995092764,am
NA,W-Oph-125125,6,7860.243100000001,0.9634810425032768,am
NA,W-Oph-125125,7,6053.3460000000005,0.019240246464663997,am
NA,W-Oph-125125,8,3187.6686000000004,1,am
NA,W-Oph-242631,2,4675.1291,0.1019044287054246,am
NA,W-Oph-242631,5,800.5072000000001,0.02845825385372395,am
NA,W-Oph-242631,7,129619.9958,0.4119904373450175,am
NA,W-Oph-242666,1,17516.7743,0.9989951805118639,am
NA,W-Oph-242666,2,40057.8489,0.8731464137156599,am
NA,W-Oph-242666,3,20005.025,0.986888644523189,am
NA,W-Oph-242666,4,12115.3598,0.8856705955304693,am
NA,W-Oph-242666,5,22762.575500000003,0.8092158970507165,am
NA,W-Oph-242666,6,4429.3197,0.5429304803736034,am
NA,W-Oph-242666,7,4203.886,0.013361833727883798,am
NA,W-Oph-242666,8,3187.6686000000004,1,am
NA,W-Oph-242670,1,15850.7283,0.9039792891150632,am
NA,W-Oph-242670,2,25915.5968,0.5648858095628054,am
NA,W-Oph-242670,3,15702.8277,0.774652485764661,am
NA,W-Oph-242670,4,10335.0257,0.7555226190262798,am
NA,W-Oph-242670,5,2133.6936,0.07585340158697651,am
NA,W-Oph-242670,6,4429.3197,0.5429304803736034,am
NA,W-Oph-242670,7,458.20640000000003,0.0014563852896706084,am
NA,W-Oph-242670,8,1825.1406000000002,0.572562844205323,am
NA,W-Oph-242740,1,14947.7695,0.852482850675437,am
NA,W-Oph-242740,2,45284.9137,0.9870814603970948,am
NA,W-Oph-242740,3,19166.0333,0.9454994744732038,am
NA,W-Oph-242740,4,8574.1076,0.62679401269076,am
NA,W-Oph-242740,5,14526.6007,0.5164246996807574,am
NA,W-Oph-242740,7,83635.412,0.26583082150825627,am
NA,W-Oph-242740,8,3169.1740000000004,0.9941980794364884,am
NA,W-Oph-242878,1,17225.6878,0.9823942923784781,am
NA,W-Oph-242878,2,44656.6084,0.9733862037999903,am
NA,W-Oph-242878,3,19552.9873,0.9645887037319938,am
NA,W-Oph-242878,4,12820.052,0.9371857936543977,am
NA,W-Oph-242878,5,25740.8084,0.9150929059067424,am
NA,W-Oph-242878,6,7860.243100000001,0.9634810425032768,am
NA,W-Oph-242878,7,27671.4312,0.08795220962389942,am
NA,W-Oph-242878,8,3169.1740000000004,0.9941980794364884,am
NA,W-Oph-242906,1,16347.492100000001,0.9323101126761546,am
NA,W-Oph-242906,2,42913.6192,0.9353940297088567,am
NA,W-Oph-242906,3,19234.9173,0.9488976625479167,am
NA,W-Oph-242906,4,12427.2459,0.9084704423765099,am
NA,W-Oph-242906,5,23617.7151,0.83961634793632,am
NA,W-Oph-242906,6,4429.3197,0.5429304803736034,am
NA,W-Oph-242906,7,143267.3029,0.45536769550652995,am
NA,W-Oph-242906,8,3113.0440000000003,0.9765895990568154,am
NA,W-Oph-243318,7,28986.610800000002,0.09213243980557055,am
NA,W-Oph-243327,2,4675.1291,0.1019044287054246,am
NA,W-Oph-243327,5,800.5072000000001,0.02845825385372395,am
NA,W-Oph-243327,7,129619.9958,0.4119904373450175,am
NA,W-Oph-243405,2,4120.7309000000005,0.08982013527996267,am
NA,W-Oph-243405,7,9142.4982,0.029058956595368408,am
NA,W-Oph-243420,2,4120.7309000000005,0.08982013527996267,am
NA,W-Oph-243420,7,9142.4982,0.029058956595368408,am
NA,W-Oph-243431,2,4600.2891,0.10027313098483032,am
NA,W-Oph-243431,5,576.3184000000001,0.02048827959045468,am
NA,W-Oph-243431,7,60187.817,0.19130385628875232,am
NA,W-Oph-243819,2,5634.971100000001,0.12282623611764604,am
NA,W-Oph-243819,5,2247.9465,0.07991512399462523,am
NA,W-Oph-243819,7,263981.6502,0.8390519907496975,am
NA,W-Oph-243913,1,17225.6878,0.9823942923784781,am
NA,W-Oph-243913,2,44656.6084,0.9733862037999903,am
NA,W-Oph-243913,3,19552.9873,0.9645887037319938,am
NA,W-Oph-243913,4,12820.052,0.9371857936543977,am
NA,W-Oph-243913,5,24049.609200000003,0.8549703034481826,am
NA,W-Oph-243913,6,4429.3197,0.5429304803736034,am
NA,W-Oph-243913,7,16843.292400000002,0.05353553176249994,am
NA,W-Oph-243913,8,3169.1740000000004,0.9941980794364884,am
NA,W-Oph-243915,1,17225.6878,0.9823942923784781,am
NA,W-Oph-243915,2,45284.9137,0.9870814603970948,am
NA,W-Oph-243915,3,19552.9873,0.9645887037319938,am
NA,W-Oph-243915,4,12859.9962,0.9401058392812711,am
NA,W-Oph-243915,5,26073.3669,0.9269154531795385,am
NA,W-Oph-243915,6,4429.3197,0.5429304803736034,am
NA,W-Oph-243915,7,56067.1684,0.17820658832186712,am
NA,W-Oph-243915,8,3169.1740000000004,0.9941980794364884,am
NA,W-Oph-243916,1,17516.7743,0.9989951805118639,am
NA,W-Oph-243916,2,42972.212400000004,0.9366711937067498,am
NA,W-Oph-243916,3,20063.0681,0.9897520289120075,am
NA,W-Oph-243916,4,12115.3598,0.8856705955304693,am
NA,W-Oph-243916,5,22762.575500000003,0.8092158970507165,am
NA,W-Oph-243916,6,4429.3197,0.5429304803736034,am
NA,W-Oph-243916,7,4994.0194,0.015873231780458845,am
NA,W-Oph-243916,8,3187.6686000000004,1,am
NA,W-Oph-243980,1,15850.7283,0.9039792891150632,am
NA,W-Oph-243980,2,31198.594100000002,0.6800400246001614,am
NA,W-Oph-243980,3,17130.5106,0.845082992199416,am
NA,W-Oph-243980,4,12115.3598,0.8856705955304693,am
NA,W-Oph-243980,5,7990.2667,0.28405620599984255,am
NA,W-Oph-243980,6,118.5924,0.014536640626924833,am
NA,W-Oph-243980,7,2383.6401,0.007576276493538671,am
NA,W-Oph-243980,8,1825.1406000000002,0.572562844205323,am
NA,W-Oph-244022,1,17516.7743,0.9989951805118639,am
NA,W-Oph-244022,2,34728.0041,0.7569710573105122,am
NA,W-Oph-244022,3,18141.9866,0.8949811642140841,am
NA,W-Oph-244022,4,12115.3598,0.8856705955304693,am
NA,W-Oph-244022,5,18545.5227,0.6592984958119052,am
NA,W-Oph-244022,6,6750.0853,0.8274017914064317,am
NA,W-Oph-244022,7,2383.6401,0.007576276493538671,am
NA,W-Oph-244022,8,3187.6686000000004,1,am
NA,W-Oph-244043,2,4120.7309000000005,0.08982013527996267,am
NA,W-Oph-244043,7,9142.4982,0.029058956595368408,am
NA,W-Oph-244054,2,2942.0009,0.06412719618060281,am
NA,W-Oph-244054,7,858.7258999999999,0.0027294157580931948,am
NA,W-Oph-244260,2,3231.1908000000003,0.07043070800167292,am
NA,W-Oph-244260,7,110245.6786,0.35041017446022965,am
NA,W-Oph-244266,2,4120.7309000000005,0.08982013527996267,am
NA,W-Oph-244266,7,9142.4982,0.029058956595368408,am
NA,W-Oph-244279,1,17225.6878,0.9823942923784781,am
NA,W-Oph-244279,2,45877.585100000004,0.9999999999999999,am
NA,W-Oph-244279,3,19552.9873,0.9645887037319938,am
NA,W-Oph-244279,4,12763.2577,0.9330339531532401,am
NA,W-Oph-244279,5,24279.8565,0.8631556590733843,am
NA,W-Oph-244279,6,4429.3197,0.5429304803736034,am
NA,W-Oph-244279,7,143267.3029,0.45536769550652995,am
NA,W-Oph-244279,8,3169.1740000000004,0.9941980794364884,am
NA,W-Oph-244282,1,17429.1284,0.9939966670759954,am
NA,W-Oph-244282,2,44656.6084,0.9733862037999903,am
NA,W-Oph-244282,3,20063.0681,0.9897520289120075,am
NA,W-Oph-244282,4,12955.4859,0.9470864342336411,am
NA,W-Oph-244282,5,24070.3925,0.8557091555500975,am
NA,W-Oph-244282,6,4429.3197,0.5429304803736034,am
NA,W-Oph-244282,7,16905.6423,0.05373370768752507,am
NA,W-Oph-244282,8,3187.6686000000004,1,am
NA,W-Oph-244366,2,4600.2891,0.10027313098483032,am
NA,W-Oph-244366,5,800.5072000000001,0.02845825385372395,am
NA,W-Oph-244366,7,68114.6498,0.2164988834284834,am
NA,W-Oph-244889,1,17225.6878,0.9823942923784781,am
NA,W-Oph-244889,2,42972.212400000004,0.9366711937067498,am
NA,W-Oph-244889,3,19552.9873,0.9645887037319938,am
NA,W-Oph-244889,4,12820.052,0.9371857936543977,am
NA,W-Oph-244889,5,19946.9396,0.7091192568183008,am
NA,W-Oph-244889,6,3009.5861,0.36890451303361993,am
NA,W-Oph-244889,7,7067.9609,0.02246514732820631,am
NA,W-Oph-244889,8,3169.1740000000004,0.9941980794364884,am
NA,W-Oph-245866,2,4120.7309000000005,0.08982013527996267,am
NA,W-Oph-245866,7,9142.4982,0.029058956595368408,am
NA,W-Oph-382690,2,4120.7309000000005,0.08982013527996267,am
NA,W-Oph-382690,5,576.3184000000001,0.02048827959045468,am
NA,W-Oph-382690,7,31027.0525,0.09861787797559718,am
NA,W-Oph-572090,1,16347.492100000001,0.9323101126761546,am
NA,W-Oph-572090,2,39697.5256,0.8652923974413814,am
NA,W-Oph-572090,3,19234.9173,0.9488976625479167,am
NA,W-Oph-572090,4,10002.7777,0.7312342537708124,am
NA,W-Oph-572090,5,21960.0141,0.7806846158150199,am
NA,W-Oph-572090,6,4429.3197,0.5429304803736034,am
NA,W-Oph-572090,7,4994.0194,0.015873231780458845,am
NA,W-Oph-572090,8,3113.0440000000003,0.9765895990568154,am
NA,W-Pho-128548,1,15850.7283,0.9039792891150632,am
NA,W-Pho-128548,2,31198.594100000002,0.6800400246001614,am
NA,W-Pho-128548,3,13609.229200000002,0.6713710059444267,am
NA,W-Pho-128548,4,10900.337,0.7968486385582053,am
NA,W-Pho-128548,5,2629.6238000000003,0.09348385828409066,am
NA,W-Pho-128548,7,2363.668,0.007512796209012243,am
NA,W-Pho-128548,8,1825.1406000000002,0.572562844205323,am
NA,W-Pho-128549,1,17225.6878,0.9823942923784781,am
NA,W-Pho-128549,2,41528.2741,0.9051974730029981,am
NA,W-Pho-128549,3,19552.9873,0.9645887037319938,am
NA,W-Pho-128549,4,11296.0492,0.8257764348117406,am
NA,W-Pho-128549,5,24313.3547,0.864346529410644,am
NA,W-Pho-128549,6,7860.243100000001,0.9634810425032768,am
NA,W-Pho-128549,7,6459.6477,0.02053165535604605,am
NA,W-Pho-128549,8,3169.1740000000004,0.9941980794364884,am
NA,W-Pho-128550,1,15850.7283,0.9039792891150632,am
NA,W-Pho-128550,2,31198.594100000002,0.6800400246001614,am
NA,W-Pho-128550,3,13609.229200000002,0.6713710059444267,am
NA,W-Pho-128550,4,11767.1012,0.8602118054695578,am
NA,W-Pho-128550,5,7465.787200000001,0.2654108137384435,am
NA,W-Pho-128550,6,812.6551,0.09961241312544196,am
NA,W-Pho-128550,7,2363.668,0.007512796209012243,am
NA,W-Pho-128550,8,1825.1406000000002,0.572562844205323,am
NA,W-Pho-128552,1,10805.4768,0.6162446955963095,am
NA,W-Pho-128552,2,27743.0285,0.6047185883809738,am
NA,W-Pho-128552,3,17130.5106,0.845082992199416,am
NA,W-Pho-128552,4,12115.3598,0.8856705955304693,am
NA,W-Pho-128552,5,10097.813100000001,0.3589800673463764,am
NA,W-Pho-128552,6,3009.5861,0.36890451303361993,am
NA,W-Pho-128552,7,2383.6401,0.007576276493538671,am
NA,W-Pho-128552,8,1825.1406000000002,0.572562844205323,am
NA,W-Pho-128553,1,15744.587800000001,0.8979260143430569,am
NA,W-Pho-128553,2,31198.594100000002,0.6800400246001614,am
NA,W-Pho-128553,3,13250.315200000001,0.653665047018587,am
NA,W-Pho-128553,4,10947.7906,0.800317644750829,am
NA,W-Pho-128553,5,8142.5908,0.2894713701680599,am
NA,W-Pho-128553,6,4429.3197,0.5429304803736034,am
NA,W-Pho-128553,7,2363.668,0.007512796209012243,am
NA,W-Pho-128553,8,1825.1406000000002,0.572562844205323,am
NA,W-Pho-128555,1,10805.4768,0.6162446955963095,am
NA,W-Pho-128555,2,27743.0285,0.6047185883809738,am
NA,W-Pho-128555,3,17130.5106,0.845082992199416,am
NA,W-Pho-128555,4,12115.3598,0.8856705955304693,am
NA,W-Pho-128555,5,16981.229900000002,0.6036874512092425,am
NA,W-Pho-128555,6,8158.171,1,am
NA,W-Pho-128555,7,2383.6401,0.007576276493538671,am
NA,W-Pho-128555,8,1825.1406000000002,0.572562844205323,am
NA,W-Pol-129784,1,17079.4662,0.9740551614868542,am
NA,W-Pol-129784,2,45877.585100000004,0.9999999999999999,am
NA,W-Pol-129784,3,19552.9873,0.9645887037319938,am
NA,W-Pol-129784,4,12170.2957,0.8896865811943043,am
NA,W-Pol-129784,5,17614.9981,0.6262180871860553,am
NA,W-Pol-129784,7,314618.9427,1,am
NA,W-Pol-129784,8,3169.1740000000004,0.9941980794364884,am
NA,W-Pol-129854,1,15850.7283,0.9039792891150632,am
NA,W-Pol-129854,2,31198.594100000002,0.6800400246001614,am
NA,W-Pol-129854,3,9781.9092,0.4825615119819602,am
NA,W-Pol-129854,4,11767.1012,0.8602118054695578,am
NA,W-Pol-129854,5,12451.342,0.4426486750594309,am
NA,W-Pol-129854,6,8158.171,1,am
NA,W-Pol-129854,7,2363.668,0.007512796209012243,am
NA,W-Pol-129854,8,1825.1406000000002,0.572562844205323,am
NA,W-Pol-129876,1,17225.6878,0.9823942923784781,am
NA,W-Pol-129876,2,44656.6084,0.9733862037999903,am
NA,W-Pol-129876,3,19552.9873,0.9645887037319938,am
NA,W-Pol-129876,4,12859.9962,0.9401058392812711,am
NA,W-Pol-129876,5,27764.5661,0.9870380556380983,am
NA,W-Pol-129876,6,7860.243100000001,0.9634810425032768,am
NA,W-Pol-129876,7,52884.7748,0.1680915152347564,am
NA,W-Pol-129876,8,3169.1740000000004,0.9941980794364884,am
NA,W-Pol-129884,1,13880.714600000001,0.7916278847904471,am
NA,W-Pol-129884,2,38365.4787,0.8362575888938845,am
NA,W-Pol-129884,3,14026.8327,0.6919722374881583,am
NA,W-Pol-129884,4,10715.4259,0.7833310603136703,am
NA,W-Pol-129884,5,21706.1165,0.7716584854396138,am
NA,W-Pol-129884,6,6480.0645,0.7943035883900939,am
NA,W-Pol-129884,7,52884.7748,0.1680915152347564,am
NA,W-Pol-129884,8,3113.0440000000003,0.9765895990568154,am
NA,W-Pol-129898,1,16407.9254,0.9357566704960169,am
NA,W-Pol-129898,2,45877.585100000004,0.9999999999999999,am
NA,W-Pol-129898,3,19552.9873,0.9645887037319938,am
NA,W-Pol-129898,4,12049.6148,0.8808644309373922,am
NA,W-Pol-129898,5,17792.8867,0.6325420764474681,am
NA,W-Pol-129898,7,314618.9427,1,am
NA,W-Pol-129898,8,3169.1740000000004,0.9941980794364884,am
NA,W-Pol-129922,1,14303.5591,0.8157430335256768,am
NA,W-Pol-129922,2,26928.2668,0.5869591161196495,am
NA,W-Pol-129922,3,5720.278,0.282192969102304,am
NA,W-Pol-129922,4,10076.9345,0.7366553471846979,am
NA,W-Pol-129922,5,12825.492,0.4559498117379902,am
NA,W-Pol-129922,6,6568.9023,0.8051930144636585,am
NA,W-Pol-129922,7,1855.1782,0.0058965877390573275,am
NA,W-Pol-129922,8,973.99,0.3055493284339532,am
NA,W-Pol-129938,1,8166.7851,0.4657580679780809,am
NA,W-Pol-129938,2,19347.0569,0.4217104465683831,am
NA,W-Pol-129938,3,5871.4448,0.28965033535647805,am
NA,W-Pol-129938,4,10076.9345,0.7366553471846979,am
NA,W-Pol-129938,5,12371.4536,0.43980862019525496,am
NA,W-Pol-129938,6,4631.0917,0.5676629847547937,am
NA,W-Pol-129938,7,1855.1782,0.0058965877390573275,am
NA,W-Pol-129938,8,992.4846,0.31135124899746475,am
NA,W-Pol-130041,2,2143.2992,0.046717785936819065,am
NA,W-Pol-130041,3,1466.7975000000001,0.07236010935077573,am
NA,W-Pol-130041,4,8338.0731,0.6095391544255736,am
NA,W-Pol-130041,5,6518.9784,0.2317514972684108,am
NA,W-Pol-130041,7,2193.352,0.006971455631937066,am
NA,W-Pol-130069,2,3509.1292,0.07648896933766464,am
NA,W-Pol-130069,3,5286.5614000000005,0.26079684550429766,am
NA,W-Pol-130069,4,10947.7906,0.800317644750829,am
NA,W-Pol-130069,5,12886.0236,0.45810172697244667,am
NA,W-Pol-130069,6,7860.243100000001,0.9634810425032768,am
NA,W-Pol-130069,7,2193.352,0.006971455631937066,am
NA,W-Pol-130072,1,17225.6878,0.9823942923784781,am
NA,W-Pol-130072,2,44656.6084,0.9733862037999903,am
NA,W-Pol-130072,3,19552.9873,0.9645887037319938,am
NA,W-Pol-130072,4,12763.2577,0.9330339531532401,am
NA,W-Pol-130072,5,22404.6593,0.7964918764823066,am
NA,W-Pol-130072,6,3009.5861,0.36890451303361993,am
NA,W-Pol-130072,7,52884.7748,0.1680915152347564,am
NA,W-Pol-130072,8,3169.1740000000004,0.9941980794364884,am
NA,W-Pol-130113,1,13880.714600000001,0.7916278847904471,am
NA,W-Pol-130113,2,33766.7192,0.7360177988095541,am
NA,W-Pol-130113,3,13968.7896,0.6891088530993398,am
NA,W-Pol-130113,4,9151.4789,0.6690016558441396,am
NA,W-Pol-130113,5,16216.8251,0.5765126477278933,am
NA,W-Pol-130113,6,6480.0645,0.7943035883900939,am
NA,W-Pol-130113,7,6053.3460000000005,0.019240246464663997,am
NA,W-Pol-130113,8,3113.0440000000003,0.9765895990568154,am
NA,W-Pol-130118,1,5822.76,0.33207650436400615,am
NA,W-Pol-130118,2,34971.7208,0.7622833835689402,am
NA,W-Pol-130118,3,6623.9378,0.3267723482898879,am
NA,W-Pol-130118,4,6419.572099999999,0.4692907465164828,am
NA,W-Pol-130118,5,19210.1025,0.6829244927479191,am
NA,W-Pol-130118,6,2882.9558,0.3533826148042251,am
NA,W-Pol-130118,7,52884.7748,0.1680915152347564,am
NA,W-Pol-130118,8,338.06399999999996,0.10605368450158212,am
NA,W-Pol-130140,1,15551.7991,0.8869311257375019,am
NA,W-Pol-130140,2,27777.0633,0.6054604495736633,am
NA,W-Pol-130140,3,6230.3588,0.3073562942823177,am
NA,W-Pol-130140,4,10896.2451,0.7965495079034267,am
NA,W-Pol-130140,5,12965.912,0.4609417818366226,am
NA,W-Pol-130140,6,8158.171,1,am
NA,W-Pol-130140,7,1855.1782,0.0058965877390573275,am
NA,W-Pol-130140,8,992.4846,0.31135124899746475,am
NA,W-Pol-130248,1,17225.6878,0.9823942923784781,am
NA,W-Pol-130248,2,45877.585100000004,0.9999999999999999,am
NA,W-Pol-130248,3,19552.9873,0.9645887037319938,am
NA,W-Pol-130248,4,12859.9962,0.9401058392812711,am
NA,W-Pol-130248,5,27988.7549,0.9950080299013676,am
NA,W-Pol-130248,6,7860.243100000001,0.9634810425032768,am
NA,W-Pol-130248,7,176526.4491,0.5610801675992029,am
NA,W-Pol-130248,8,3169.1740000000004,0.9941980794364884,am
NA,W-Pol-130305,1,17225.6878,0.9823942923784781,am
NA,W-Pol-130305,2,45877.585100000004,0.9999999999999999,am
NA,W-Pol-130305,3,19552.9873,0.9645887037319938,am
NA,W-Pol-130305,4,12859.9962,0.9401058392812711,am
NA,W-Pol-130305,5,27988.7549,0.9950080299013676,am
NA,W-Pol-130305,6,7860.243100000001,0.9634810425032768,am
NA,W-Pol-130305,7,314618.9427,1,am
NA,W-Pol-130305,8,3169.1740000000004,0.9941980794364884,am
NA,W-Pol-130344,1,13062.952200000002,0.7449902629079859,am
NA,W-Pol-130344,2,33766.7192,0.7360177988095541,am
NA,W-Pol-130344,3,13968.7896,0.6891088530993398,am
NA,W-Pol-130344,4,6031.047,0.4408883496932754,am
NA,W-Pol-130344,5,9037.3093,0.321278861969037,am
NA,W-Pol-130344,7,6053.3460000000005,0.019240246464663997,am
NA,W-Pol-130344,8,3113.0440000000003,0.9765895990568154,am
NA,W-Pol-130467,1,13291.9979,0.7580529162537543,am
NA,W-Pol-130467,2,38365.4787,0.8362575888938845,am
NA,W-Pol-130467,3,14026.8327,0.6919722374881583,am
NA,W-Pol-130467,4,10122.463899999999,0.7399836883547344,am
NA,W-Pol-130467,5,17390.8093,0.618248112922786,am
NA,W-Pol-130467,7,52884.7748,0.1680915152347564,am
NA,W-Pol-130467,8,3113.0440000000003,0.9765895990568154,am
NA,W-Pol-130500,1,13880.714600000001,0.7916278847904471,am
NA,W-Pol-130500,2,33766.7192,0.7360177988095541,am
NA,W-Pol-130500,3,13968.7896,0.6891088530993398,am
NA,W-Pol-130500,4,9151.4789,0.6690016558441396,am
NA,W-Pol-130500,5,16216.8251,0.5765126477278933,am
NA,W-Pol-130500,6,3897.3829,0.4777275323108574,am
NA,W-Pol-130500,7,6053.3460000000005,0.019240246464663997,am
NA,W-Pol-130500,8,3113.0440000000003,0.9765895990568154,am
NA,W-Pol-130603,1,17225.6878,0.9823942923784781,am
NA,W-Pol-130603,2,45877.585100000004,0.9999999999999999,am
NA,W-Pol-130603,3,19552.9873,0.9645887037319938,am
NA,W-Pol-130603,4,12859.9962,0.9401058392812711,am
NA,W-Pol-130603,5,27988.7549,0.9950080299013676,am
NA,W-Pol-130603,6,7860.243100000001,0.9634810425032768,am
NA,W-Pol-130603,7,314618.9427,1,am
NA,W-Pol-130603,8,3169.1740000000004,0.9941980794364884,am
NA,W-Pol-130639,1,15534.0367,0.8859181223334264,am
NA,W-Pol-130639,2,31198.594100000002,0.6800400246001614,am
NA,W-Pol-130639,3,17130.5106,0.845082992199416,am
NA,W-Pol-130639,4,11248.5956,0.8223074286191169,am
NA,W-Pol-130639,5,6644.9417,0.2362295276567106,am
NA,W-Pol-130639,7,2383.6401,0.007576276493538671,am
NA,W-Pol-130639,8,1825.1406000000002,0.572562844205323,am
NA,W-Pol-130703,1,10805.4768,0.6162446955963095,am
NA,W-Pol-130703,2,27743.0285,0.6047185883809738,am
NA,W-Pol-130703,3,9781.9092,0.4825615119819602,am
NA,W-Pol-130703,4,11767.1012,0.8602118054695578,am
NA,W-Pol-130703,5,12965.912,0.4609417818366226,am
NA,W-Pol-130703,6,6750.0853,0.8274017914064317,am
NA,W-Pol-130703,7,2363.668,0.007512796209012243,am
NA,W-Pol-130703,8,1825.1406000000002,0.572562844205323,am
NA,W-Pol-130871,2,5282.9973,0.115154215037356,am
NA,W-Pol-130871,3,1427.6829,0.07043050643475504,am
NA,W-Pol-130871,4,1409.3742,0.10302965059603751,am
NA,W-Pol-130871,5,6044.6088,0.21488752590464358,am
NA,W-Pol-130871,7,1905.4616,0.006056410919341634,am
NA,W-Pol-130980,1,13880.714600000001,0.7916278847904471,am
NA,W-Pol-130980,2,33766.7192,0.7360177988095541,am
NA,W-Pol-130980,3,13968.7896,0.6891088530993398,am
NA,W-Pol-130980,4,9151.4789,0.6690016558441396,am
NA,W-Pol-130980,5,16216.8251,0.5765126477278933,am
NA,W-Pol-130980,6,5350.1413,0.6558015638554279,am
NA,W-Pol-130980,7,6053.3460000000005,0.019240246464663997,am
NA,W-Pol-130980,8,3113.0440000000003,0.9765895990568154,am
NA,W-Pol-131009,2,2143.2992,0.046717785936819065,am
NA,W-Pol-131009,3,12160.9998,0.5999268988001151,am
NA,W-Pol-131009,4,11199.3107,0.8187045486837096,am
NA,W-Pol-131009,5,16326.2399,0.5804023743334185,am
NA,W-Pol-131009,6,7698.8255,0.9436950389983245,am
NA,W-Pol-131009,7,2213.3241000000003,0.007034935916463494,am
NA,W-Pol-131051,1,15850.7283,0.9039792891150632,am
NA,W-Pol-131051,2,31198.594100000002,0.6800400246001614,am
NA,W-Pol-131051,3,17130.5106,0.845082992199416,am
NA,W-Pol-131051,4,12115.3598,0.8856705955304693,am
NA,W-Pol-131051,5,16981.229900000002,0.6036874512092425,am
NA,W-Pol-131051,6,7028.2478,0.861497975465334,am
NA,W-Pol-131051,7,2383.6401,0.007576276493538671,am
NA,W-Pol-131051,8,1825.1406000000002,0.572562844205323,am
NA,W-Pol-131121,1,7981.8391,0.4552104546167015,am
NA,W-Pol-131121,2,19347.0569,0.4217104465683831,am
NA,W-Pol-131121,3,7147.9609,0.35262347553705903,am
NA,W-Pol-131121,4,10096.4918,0.7380850468241563,am
NA,W-Pol-131121,5,12310.922,0.43765670496079856,am
NA,W-Pol-131121,6,4631.0917,0.5676629847547937,am
NA,W-Pol-131121,7,2363.668,0.007512796209012243,am
NA,W-Pol-131121,8,973.99,0.3055493284339532,am
NA,W-Pol-131128,1,15551.7991,0.8869311257375019,am
NA,W-Pol-131128,2,27777.0633,0.6054604495736633,am
NA,W-Pol-131128,3,6230.3588,0.3073562942823177,am
NA,W-Pol-131128,4,10896.2451,0.7965495079034267,am
NA,W-Pol-131128,5,12965.912,0.4609417818366226,am
NA,W-Pol-131128,6,8158.171,1,am
NA,W-Pol-131128,7,1855.1782,0.0058965877390573275,am
NA,W-Pol-131128,8,992.4846,0.31135124899746475,am
NA,W-Pol-131140,1,10506.5476,0.5991965322187481,am
NA,W-Pol-131140,2,24321.4977,0.5301390133544758,am
NA,W-Pol-131140,3,6230.3588,0.3073562942823177,am
NA,W-Pol-131140,4,10896.2451,0.7965495079034267,am
NA,W-Pol-131140,5,12965.912,0.4609417818366226,am
NA,W-Pol-131140,6,8158.171,1,am
NA,W-Pol-131140,7,1855.1782,0.0058965877390573275,am
NA,W-Pol-131140,8,992.4846,0.31135124899746475,am
NA,W-Pol-131143,1,9811.7781,0.5595732905088497,am
NA,W-Pol-131143,2,23170.0026,0.5050397170970535,am
NA,W-Pol-131143,3,5871.4448,0.28965033535647805,am
NA,W-Pol-131143,4,10076.9345,0.7366553471846979,am
NA,W-Pol-131143,5,12886.0236,0.45810172697244667,am
NA,W-Pol-131143,6,7860.243100000001,0.9634810425032768,am
NA,W-Pol-131143,7,1855.1782,0.0058965877390573275,am
NA,W-Pol-131143,8,992.4846,0.31135124899746475,am
NA,W-Pol-131183,1,13880.714600000001,0.7916278847904471,am
NA,W-Pol-131183,2,33766.7192,0.7360177988095541,am
NA,W-Pol-131183,3,13968.7896,0.6891088530993398,am
NA,W-Pol-131183,4,9151.4789,0.6690016558441396,am
NA,W-Pol-131183,5,16216.8251,0.5765126477278933,am
NA,W-Pol-131183,6,3897.3829,0.4777275323108574,am
NA,W-Pol-131183,7,6053.3460000000005,0.019240246464663997,am
NA,W-Pol-131183,8,3113.0440000000003,0.9765895990568154,am
NA,W-Pol-131188,7,21307.5215,0.0677248525379397,am
NA,W-Pol-131220,1,10602.0362,0.6046423208987921,am
NA,W-Pol-131220,2,27743.0285,0.6047185883809738,am
NA,W-Pol-131220,3,16620.4298,0.8199196670194022,am
NA,W-Pol-131220,4,10606.3487,0.7753571767247738,am
NA,W-Pol-131220,5,6644.9417,0.2362295276567106,am
NA,W-Pol-131220,7,2383.6401,0.007576276493538671,am
NA,W-Pol-131220,8,1806.6460000000002,0.5667609236418114,am
NA,W-Pol-131290,2,10956.2416,0.23881469733244523,am
NA,W-Pol-131290,3,1955.73,0.09648014580103431,am
NA,W-Pol-131290,4,1649.0394000000001,0.12054992435727811,am
NA,W-Pol-131290,5,15733.441,0.5593282083791231,am
NA,W-Pol-131290,7,310468.6371,0.9868084687959889,am
NA,W-Pol-131415,1,13627.2842,0.7771745531519163,am
NA,W-Pol-131415,2,25776.7717,0.5618598198622272,am
NA,W-Pol-131415,3,5720.278,0.282192969102304,am
NA,W-Pol-131415,4,10076.9345,0.7366553471846979,am
NA,W-Pol-131415,5,11134.292800000001,0.3958272092794304,am
NA,W-Pol-131415,6,4429.3197,0.5429304803736034,am
NA,W-Pol-131415,7,1855.1782,0.0058965877390573275,am
NA,W-Pol-131415,8,973.99,0.3055493284339532,am
NA,W-Pol-131499,1,10805.4768,0.6162446955963095,am
NA,W-Pol-131499,2,27743.0285,0.6047185883809738,am
NA,W-Pol-131499,3,13609.229200000002,0.6713710059444267,am
NA,W-Pol-131499,4,11767.1012,0.8602118054695578,am
NA,W-Pol-131499,5,12965.912,0.4609417818366226,am
NA,W-Pol-131499,6,6730.3199,0.8249790179686108,am
NA,W-Pol-131499,7,2363.668,0.007512796209012243,am
NA,W-Pol-131499,8,1825.1406000000002,0.572562844205323,am
NA,W-Pol-131508,1,13880.714600000001,0.7916278847904471,am
NA,W-Pol-131508,2,33766.7192,0.7360177988095541,am
NA,W-Pol-131508,3,13968.7896,0.6891088530993398,am
NA,W-Pol-131508,4,9151.4789,0.6690016558441396,am
NA,W-Pol-131508,5,16216.8251,0.5765126477278933,am
NA,W-Pol-131508,6,6480.0645,0.7943035883900939,am
NA,W-Pol-131508,7,6053.3460000000005,0.019240246464663997,am
NA,W-Pol-131508,8,3113.0440000000003,0.9765895990568154,am
NA,W-Pol-131516,2,5282.9973,0.115154215037356,am
NA,W-Pol-131516,3,1427.6829,0.07043050643475504,am
NA,W-Pol-131516,4,1409.3742,0.10302965059603751,am
NA,W-Pol-131516,5,4591.8504,0.16324156027768877,am
NA,W-Pol-131516,7,1905.4616,0.006056410919341634,am
NA,W-Pol-131544,1,15297.7018,0.872439760276392,am
NA,W-Pol-131544,2,29589.5341,0.6449671236073844,am
NA,W-Pol-131544,3,9271.8284,0.45739818680194644,am
NA,W-Pol-131544,4,10947.7906,0.800317644750829,am
NA,W-Pol-131544,5,12310.922,0.43765670496079856,am
NA,W-Pol-131544,6,7860.243100000001,0.9634810425032768,am
NA,W-Pol-131544,7,2363.668,0.007512796209012243,am
NA,W-Pol-131544,8,1806.6460000000002,0.5667609236418114,am
NA,W-Pol-131573,1,12581.2749,0.7175198341052372,am
NA,W-Pol-131573,2,38365.4787,0.8362575888938845,am
NA,W-Pol-131573,3,12962.709200000001,0.6394768570264857,am
NA,W-Pol-131573,4,6743.6952,0.4929851562361332,am
NA,W-Pol-131573,5,14526.6007,0.5164246996807574,am
NA,W-Pol-131573,7,52884.7748,0.1680915152347564,am
NA,W-Pol-131573,8,3113.0440000000003,0.9765895990568154,am
NA,W-Pol-131574,1,9946.8143,0.5672745093910635,am
NA,W-Pol-131574,2,37447.5787,0.8162499969947197,am
NA,W-Pol-131574,3,19552.9873,0.9645887037319938,am
NA,W-Pol-131574,4,12859.9962,0.9401058392812711,am
NA,W-Pol-131574,5,25298.732900000003,0.8993769987899645,am
NA,W-Pol-131574,6,4429.3197,0.5429304803736034,am
NA,W-Pol-131574,7,314618.9427,1,am
NA,W-Pol-131574,8,3169.1740000000004,0.9941980794364884,am
NA,W-Pol-157583,1,17225.6878,0.9823942923784781,am
NA,W-Pol-157583,2,40057.8489,0.8731464137156599,am
NA,W-Pol-157583,3,19494.9442,0.9617253193431753,am
NA,W-Pol-157583,4,11296.0492,0.8257764348117406,am
NA,W-Pol-157583,5,20584.075500000003,0.731769615467818,am
NA,W-Pol-157583,6,4429.3197,0.5429304803736034,am
NA,W-Pol-157583,7,6053.3460000000005,0.019240246464663997,am
NA,W-Pol-157583,8,3169.1740000000004,0.9941980794364884,am
NA,W-Pol-195986,1,12368.1183,0.7053633484162999,am
NA,W-Pol-195986,2,24946.9593,0.5437722854335678,am
NA,W-Pol-195986,3,6230.3588,0.3073562942823177,am
NA,W-Pol-195986,4,10896.2451,0.7965495079034267,am
NA,W-Pol-195986,5,12965.912,0.4609417818366226,am
NA,W-Pol-195986,6,7028.2478,0.861497975465334,am
NA,W-Pol-195986,7,458.20640000000003,0.0014563852896706084,am
NA,W-Pol-195986,8,992.4846,0.31135124899746475,am
NA,W-Pol-266009,2,7840.564600000001,0.1709018594354915,am
NA,W-Pol-266009,4,39.9442,0.002920045626873432,am
NA,W-Pol-266009,5,3176.0977000000003,0.11291115758962414,am
NA,W-Pol-266009,7,135758.8488,0.43150246337662745,am
NA,W-Pol-266010,2,8802.8196,0.19187626333889138,am
NA,W-Pol-266010,5,4265.2432,0.15163058337697632,am
NA,W-Pol-266010,7,194127.9549,0.6170256413489625,am
NA,W-Pol-326964,1,8502.2684,0.48489093993854315,am
NA,W-Pol-326964,2,22768.5877,0.49629002159488117,am
NA,W-Pol-326964,3,17130.5106,0.845082992199416,am
NA,W-Pol-326964,4,12115.3598,0.8856705955304693,am
NA,W-Pol-326964,5,12757.7615,0.45354197360406756,am
NA,W-Pol-326964,6,4429.3197,0.5429304803736034,am
NA,W-Pol-326964,7,2383.6401,0.007576276493538671,am
NA,W-Pol-326964,8,1825.1406000000002,0.572562844205323,am
NA,W-Pol-327435,1,15588.7883,0.8890406484097778,am
NA,W-Pol-327435,2,24306.5368,0.5298129085700284,am
NA,W-Pol-327435,3,7290.102800000001,0.35963562508553254,am
NA,W-Pol-327435,4,9135.4683,0.6678312310386956,am
NA,W-Pol-327435,5,2133.6936,0.07585340158697651,am
NA,W-Pol-327435,6,4429.3197,0.5429304803736034,am
NA,W-Pol-327435,7,458.20640000000003,0.0014563852896706084,am
NA,W-Pol-327435,8,1825.1406000000002,0.572562844205323,am
NA,W-Pol-328709,2,7262.8603,0.1583095597592821,am
NA,W-Pol-328709,5,2247.9465,0.07991512399462523,am
NA,W-Pol-328709,7,141750.5061,0.4505466355061907,am
NA,W-Pol-329812,2,10567.1536,0.23033369295630166,am
NA,W-Pol-329812,3,58.043099999999995,0.002863384388818505,am
NA,W-Pol-329812,4,39.9442,0.002920045626873432,am
NA,W-Pol-329812,5,4804.360900000001,0.1707963677242449,am
NA,W-Pol-329812,7,98009.6529,0.3115186010699158,am
NA,W-Pol-330562,1,15536.5985,0.8860642237679487,am
NA,W-Pol-330562,2,29589.5341,0.6449671236073844,am
NA,W-Pol-330562,3,9781.9092,0.4825615119819602,am
NA,W-Pol-330562,4,11767.1012,0.8602118054695578,am
NA,W-Pol-330562,5,7545.6756000000005,0.2682508686026194,am
NA,W-Pol-330562,6,812.6551,0.09961241312544196,am
NA,W-Pol-330562,7,2363.668,0.007512796209012243,am
NA,W-Pol-330562,8,1825.1406000000002,0.572562844205323,am
NA,W-Pol-332560,1,15551.7991,0.8869311257375019,am
NA,W-Pol-332560,2,27777.0633,0.6054604495736633,am
NA,W-Pol-332560,3,7658.041700000001,0.37778680071707277,am
NA,W-Pol-332560,4,10915.8024,0.7979792075428851,am
NA,W-Pol-332560,5,12965.912,0.4609417818366226,am
NA,W-Pol-332560,6,8158.171,1,am
NA,W-Pol-332560,7,2363.668,0.007512796209012243,am
NA,W-Pol-332560,8,992.4846,0.31135124899746475,am
NA,W-Pol-332941,2,5634.971100000001,0.12282623611764604,am
NA,W-Pol-332941,5,2247.9465,0.07991512399462523,am
NA,W-Pol-332941,7,149881.962,0.4763920465619186,am
NA,W-Pol-332992,1,12268.0822,0.6996582122955928,am
NA,W-Pol-332992,2,42422.0195,0.9246785637808124,am
NA,W-Pol-332992,3,19552.9873,0.9645887037319938,am
NA,W-Pol-332992,4,12859.9962,0.9401058392812711,am
NA,W-Pol-332992,5,27988.7549,0.9950080299013676,am
NA,W-Pol-332992,6,7698.8255,0.9436950389983245,am
NA,W-Pol-332992,7,255517.9857,0.8121506718800628,am
NA,W-Pol-332992,8,3169.1740000000004,0.9941980794364884,am
NA,W-Pol-333269,1,15850.7283,0.9039792891150632,am
NA,W-Pol-333269,2,31198.594100000002,0.6800400246001614,am
NA,W-Pol-333269,3,11695.5692,0.5769662589631934,am
NA,W-Pol-333269,4,11767.1012,0.8602118054695578,am
NA,W-Pol-333269,5,12965.912,0.4609417818366226,am
NA,W-Pol-333269,6,8158.171,1,am
NA,W-Pol-333269,7,2363.668,0.007512796209012243,am
NA,W-Pol-333269,8,1825.1406000000002,0.572562844205323,am
NA,W-Pol-333271,1,15588.7883,0.8890406484097778,am
NA,W-Pol-333271,2,24306.5368,0.5298129085700284,am
NA,W-Pol-333271,3,7290.102800000001,0.35963562508553254,am
NA,W-Pol-333271,4,9135.4683,0.6678312310386956,am
NA,W-Pol-333271,5,2133.6936,0.07585340158697651,am
NA,W-Pol-333271,6,4429.3197,0.5429304803736034,am
NA,W-Pol-333271,7,458.20640000000003,0.0014563852896706084,am
NA,W-Pol-333271,8,1825.1406000000002,0.572562844205323,am
NA,W-Pol-333453,1,8018.8283,0.4573199772889774,am
NA,W-Pol-333453,2,21159.5277,0.4612171206021042,am
NA,W-Pol-333453,3,9271.8284,0.45739818680194644,am
NA,W-Pol-333453,4,10947.7906,0.800317644750829,am
NA,W-Pol-333453,5,12310.922,0.43765670496079856,am
NA,W-Pol-333453,6,7860.243100000001,0.9634810425032768,am
NA,W-Pol-333453,7,2363.668,0.007512796209012243,am
NA,W-Pol-333453,8,1806.6460000000002,0.5667609236418114,am
NA,W-Pol-334720,1,10506.5476,0.5991965322187481,am
NA,W-Pol-334720,2,24321.4977,0.5301390133544758,am
NA,W-Pol-334720,3,7658.041700000001,0.37778680071707277,am
NA,W-Pol-334720,4,10915.8024,0.7979792075428851,am
NA,W-Pol-334720,5,11274.712800000001,0.4008191793780627,am
NA,W-Pol-334720,6,4429.3197,0.5429304803736034,am
NA,W-Pol-334720,7,2363.668,0.007512796209012243,am
NA,W-Pol-334720,8,992.4846,0.31135124899746475,am
NA,W-Por-134121,1,17441.0783,0.994678179111439,am
NA,W-Por-134121,2,33024.8441,0.7198470457417341,am
NA,W-Por-134121,3,18141.9866,0.8949811642140841,am
NA,W-Por-134121,4,12115.3598,0.8856705955304693,am
NA,W-Por-134121,5,13700.1859,0.4870454234333052,am
NA,W-Por-134121,6,3009.5861,0.36890451303361993,am
NA,W-Por-134121,7,2383.6401,0.007576276493538671,am
NA,W-Por-134121,8,3074.1246,0.9643802370171103,am
NA,W-Por-134131,1,12471.5228,0.7112605869931101,am
NA,W-Por-134131,2,35104.2207,0.7651715020196213,am
NA,W-Por-134131,3,19476.9779,0.9608390051569098,am
NA,W-Por-134131,4,11841.5576,0.8656548005780527,am
NA,W-Por-134131,5,14269.190100000002,0.5072736811771894,am
NA,W-Por-134131,6,118.5924,0.014536640626924833,am
NA,W-Por-134131,7,4274.2657,0.01358553195595619,am
NA,W-Por-134131,8,3187.6686000000004,1,am
NA,W-Por-134257,1,15850.7283,0.9039792891150632,am
NA,W-Por-134257,2,31198.594100000002,0.6800400246001614,am
NA,W-Por-134257,3,9781.9092,0.4825615119819602,am
NA,W-Por-134257,4,11767.1012,0.8602118054695578,am
NA,W-Por-134257,5,12965.912,0.4609417818366226,am
NA,W-Por-134257,6,8158.171,1,am
NA,W-Por-134257,7,2363.668,0.007512796209012243,am
NA,W-Por-134257,8,1825.1406000000002,0.572562844205323,am
NA,W-Por-134275,1,14735.569800000001,0.8403809377332772,am
NA,W-Por-134275,2,29589.5341,0.6449671236073844,am
NA,W-Por-134275,3,8330.8317,0.4109769022614975,am
NA,W-Por-134275,4,7567.6161999999995,0.5532163515771135,am
NA,W-Por-134275,5,197.654,0.007026654734903013,am
NA,W-Por-134275,7,2363.668,0.007512796209012243,am
NA,W-Por-134275,8,1825.1406000000002,0.572562844205323,am
NA,W-Por-134380,1,7263.221500000001,0.41422713732688504,am
NA,W-Por-134380,2,38869.3369,0.8472402550237981,am
NA,W-Por-134380,3,16704.0966,0.8240471207388349,am
NA,W-Por-134380,4,1931.7629,0.14121789416990047,am
NA,W-Por-134380,5,9583.6522,0.34070150418809475,am
NA,W-Por-134380,7,241808.679,0.7685763512039162,am
NA,W-Por-134380,8,2345.934,0.7359403672012831,am
NA,W-Por-164219,1,12520.4293,0.7140497624976266,am
NA,W-Por-164219,2,8603.093700000001,0.18752281056746378,am
NA,W-Por-164219,3,9394.9552,0.46347228272317015,am
NA,W-Por-164219,4,6894.0743999999995,0.5039783448675923,am
NA,W-Por-164219,5,197.654,0.007026654734903013,am
NA,W-Por-164219,7,547.6044,0.001740532198412985,am
NA,W-Por-164219,8,1825.1406000000002,0.572562844205323,am
NA,W-Por-164324,1,12520.4293,0.7140497624976266,am
NA,W-Por-164324,2,8603.093700000001,0.18752281056746378,am
NA,W-Por-164324,3,12916.2366,0.6371842689781594,am
NA,W-Por-164324,4,7242.333,0.5294371349285039,am
NA,W-Por-164324,5,4212.9719000000005,0.14977232410752297,am
NA,W-Por-164324,7,567.5765,0.001804012482939413,am
NA,W-Por-164324,8,1825.1406000000002,0.572562844205323,am
NA,W-Por-164605,1,7413.8147,0.42281558394618407,am
NA,W-Por-164605,2,29646.5228,0.6462093140992288,am
NA,W-Por-164605,3,13771.5391,0.6793780840262433,am
NA,W-Por-164605,4,464.5544,0.0339603758284009,am
NA,W-Por-164605,7,2324.5534000000002,0.007388472480554172,am
NA,W-Por-164605,8,983.4060000000001,0.3085032114066061,am
NA,W-Por-167343,1,9264.806700000001,0.5283790887043641,am
NA,W-Por-167343,2,41420.1411,0.9028404832058171,am
NA,W-Por-167343,3,16855.2634,0.8315044869930089,am
NA,W-Por-167343,4,464.5544,0.0339603758284009,am
NA,W-Por-167343,5,5908.252,0.21004000369737114,am
NA,W-Por-167343,7,6907.8895,0.021956368681166506,am
NA,W-Por-167343,8,2364.4286,0.7417422877647947,am
NA,W-Por-169914,1,12049.2803,0.6871797707832854,am
NA,W-Por-169914,2,7266.6907,0.15839305151220787,am
NA,W-Por-169914,3,6002.4736,0.2961142530384354,am
NA,W-Por-169914,4,6661.902,0.48700581816031785,am
NA,W-Por-169914,5,4212.9719000000005,0.14977232410752297,am
NA,W-Por-169914,7,567.5765,0.001804012482939413,am
NA,W-Por-169914,8,973.99,0.3055493284339532,am
NA,W-Por-170653,1,15551.7991,0.8869311257375019,am
NA,W-Por-170653,2,27777.0633,0.6054604495736633,am
NA,W-Por-170653,3,7658.041700000001,0.37778680071707277,am
NA,W-Por-170653,4,10049.038199999999,0.7346160406315325,am
NA,W-Por-170653,5,2629.6238000000003,0.09348385828409066,am
NA,W-Por-170653,7,2363.668,0.007512796209012243,am
NA,W-Por-170653,8,992.4846,0.31135124899746475,am
NA,W-Sca-344129,2,369.89200000000005,0.008062586537494103,am
NA,W-Sca-344129,5,576.3184000000001,0.02048827959045468,am
NA,W-Sca-344129,7,10782.9596,0.03427307811622113,am
NA,W-Sca-344168,1,17481.3182,0.9969730917178246,am
NA,W-Sca-344168,2,36641.6641,0.798683366182672,am
NA,W-Sca-344168,3,17755.032600000002,0.8758919349552942,am
NA,W-Sca-344168,4,9202.0124,0.6726958123345841,am
NA,W-Sca-344168,5,7817.350100000001,0.2779089727228366,am
NA,W-Sca-344168,7,2383.6401,0.007576276493538671,am
NA,W-Sca-344168,8,3187.6686000000004,1,am
NA,W-Sca-344183,1,15787.6476,0.9003817480265014,am
NA,W-Sca-344183,2,38363.2535,0.8362090859050032,am
NA,W-Sca-344183,3,18972.977300000002,0.9359756286316181,am
NA,W-Sca-344183,4,10002.7777,0.7312342537708124,am
NA,W-Sca-344183,5,22972.1619,0.8166667519280845,am
NA,W-Sca-344183,6,4631.0917,0.5676629847547937,am
NA,W-Sca-344183,7,4994.0194,0.015873231780458845,am
NA,W-Sca-344183,8,3113.0440000000003,0.9765895990568154,am
NA,W-Sca-344207,2,5634.971100000001,0.12282623611764604,am
NA,W-Sca-344207,5,2247.9465,0.07991512399462523,am
NA,W-Sca-344207,7,214311.1641,0.6811769255240079,am
NA,W-Sca-344271,2,479.55820000000006,0.010452995704867648,am
NA,W-Sca-344271,7,39804.6205,0.1265169228476973,am
NA,W-Sca-344321,1,17225.6878,0.9823942923784781,am
NA,W-Sca-344321,2,40057.8489,0.8731464137156599,am
NA,W-Sca-344321,3,19494.9442,0.9617253193431753,am
NA,W-Sca-344321,4,11296.0492,0.8257764348117406,am
NA,W-Sca-344321,5,24313.3547,0.864346529410644,am
NA,W-Sca-344321,6,7860.243100000001,0.9634810425032768,am
NA,W-Sca-344321,7,6053.3460000000005,0.019240246464663997,am
NA,W-Sca-344321,8,3169.1740000000004,0.9941980794364884,am
NA,W-Sca-344398,1,5801.4393,0.330860568360016,am
NA,W-Sca-344398,2,34542.206,0.7529211907014696,am
NA,W-Sca-344398,3,16704.0966,0.8240471207388349,am
NA,W-Sca-344398,4,464.5544,0.0339603758284009,am
NA,W-Sca-344398,5,5908.252,0.21004000369737114,am
NA,W-Sca-344398,7,6907.8895,0.021956368681166506,am
NA,W-Sca-344398,8,2345.934,0.7359403672012831,am
NA,W-Sca-344422,1,15559.641800000001,0.8873784009816774,am
NA,W-Sca-344422,2,31198.594100000002,0.6800400246001614,am
NA,W-Sca-344422,3,16620.4298,0.8199196670194022,am
NA,W-Sca-344422,4,11296.0492,0.8257764348117406,am
NA,W-Sca-344422,5,16840.8099,0.5986954811106102,am
NA,W-Sca-344422,6,7860.243100000001,0.9634810425032768,am
NA,W-Sca-344422,7,2383.6401,0.007576276493538671,am
NA,W-Sca-344422,8,1806.6460000000002,0.5667609236418114,am
NA,W-Sca-344446,1,17225.6878,0.9823942923784781,am
NA,W-Sca-344446,2,37241.4428,0.8117568245761915,am
NA,W-Sca-344446,3,18579.9431,0.916586450718106,am
NA,W-Sca-344446,4,8656.503999999999,0.632817446568272,am
NA,W-Sca-344446,5,7817.350100000001,0.2779089727228366,am
NA,W-Sca-344446,7,2383.6401,0.007576276493538671,am
NA,W-Sca-344446,8,3169.1740000000004,0.9941980794364884,am
NA,W-Sca-344594,2,4626.396900000001,0.1008422062738433,am
NA,W-Sca-344594,7,14717.9774,0.04678032820812731,am
NA,W-Tnd-136475,1,12471.5228,0.7112605869931101,am
NA,W-Tnd-136475,2,33785.8772,0.736435388357004,am
NA,W-Tnd-136475,3,19476.9779,0.9608390051569098,am
NA,W-Tnd-136475,4,12115.3598,0.8856705955304693,am
NA,W-Tnd-136475,5,15679.3899,0.5574066767241012,am
NA,W-Tnd-136475,6,3743.2949,0.4588399654775562,am
NA,W-Tnd-136475,7,2383.6401,0.007576276493538671,am
NA,W-Tnd-136475,8,3187.6686000000004,1,am
